E00125:9:H05MEALXX:7:2105:26273:60326	1000001	1000016	15
E00170:22:H00WVALXX:1:1111:3679:16656	1000002	1000017	15
E00170:22:H00WVALXX:1:1111:3903:17641	1000003	1000018	15
E00170:22:H00WVALXX:1:1111:3943:17641	1000004	1000019	15
E00170:22:H00WVALXX:1:1111:3974:17869	1000005	1000020	15
E00121:9:H00UWALXX:7:1102:2898:67622	1000006	1000052	46
E00125:9:H05MEALXX:7:1116:19117:5387	1000000	1000055	55
E00170:22:H00WVALXX:1:1104:25167:41919	1000012	1000066	54
E00170:22:H00WVALXX:1:1106:13119:62014	1000015	1000076	61
E00170:22:H00WVALXX:1:1224:8957:62295	1000008	1000080	72
E00121:9:H00UWALXX:7:1111:18346:8060	1000041	1000082	41
E00170:22:H00WVALXX:1:2120:18448:16252	1000068	1000086	18
E00170:22:H00WVALXX:1:2120:18762:16551	1000069	1000087	18
E00121:9:H00UWALXX:7:1113:10297:73089	1000040	1000091	51
E00121:9:H00UWALXX:7:1116:4359:46666	1000060	1000095	35
E00125:9:H05MEALXX:7:2217:17392:32285	1000047	1000096	49
E00121:9:H00UWALXX:7:1116:32789:8921	1000098	1000099	1
E00170:22:H00WVALXX:1:2121:26842:21403	1000043	1000100	57
E00121:9:H00UWALXX:7:1113:1883:9888	1000029	1000104	75
E00121:9:H00UWALXX:7:1124:24497:34289	1000057	1000105	48
E00170:22:H00WVALXX:1:1102:27430:25763	1000051	1000107	56
E00121:9:H00UWALXX:7:1112:4126:2838	1000075	1000108	33
E00170:22:H00WVALXX:1:1214:18874:67305	1000081	1000109	28
E00170:22:H00WVALXX:1:1216:10236:14687	1000034	1000111	77
E00170:22:H00WVALXX:1:1222:4095:29789	1000039	1000113	74
E00170:22:H00WVALXX:1:1112:21056:62330	1000033	1000114	81
E00170:22:H00WVALXX:1:1101:31267:17781	1000045	1000115	70
E00170:22:H00WVALXX:1:2113:4948:48600	1000013	1000123	110
E00170:22:H00WVALXX:1:2213:25481:33358	1000021	1000124	103
E00170:22:H00WVALXX:1:2221:6136:7972	1000028	1000125	97
E00170:22:H00WVALXX:1:1210:27095:69766	1000063	1000128	65
E00170:22:H00WVALXX:1:2113:24284:30826	1000072	1000129	57
E00170:22:H00WVALXX:1:1114:3202:38649	1000094	1000130	36
E00170:22:H00WVALXX:1:2210:32759:38931	1000036	1000131	95
E00121:9:H00UWALXX:7:1117:20193:20612	1000044	1000132	88
E00170:22:H00WVALXX:1:2116:20965:56054	1000046	1000133	87
E00125:9:H05MEALXX:7:2124:31805:67692	1000061	1000134	73
E00170:22:H00WVALXX:1:2203:19452:29349	1000071	1000135	64
E00125:9:H05MEALXX:7:1105:9587:43343	1000067	1000136	69
E00121:9:H00UWALXX:7:1119:23391:28611	1000049	1000138	89
E00170:22:H00WVALXX:1:2121:31571:55192	1000070	1000140	70
E00170:22:H00WVALXX:1:2209:6196:17043	1000097	1000142	45
E00125:9:H05MEALXX:7:2222:28263:6952	1000084	1000143	59
E00125:9:H05MEALXX:7:2222:28283:6987	1000085	1000144	59
E00170:22:H00WVALXX:1:2112:30546:24550	1000088	1000147	59
E00170:22:H00WVALXX:1:1212:21787:50657	1000078	1000149	71
E00121:9:H00UWALXX:7:1106:30140:68219	1000116	1000152	36
E00121:9:H00UWALXX:7:1119:4451:6073	1000117	1000153	36
E00170:22:H00WVALXX:1:1112:30049:47176	1000102	1000156	54
E00170:22:H00WVALXX:1:2120:27958:25200	1000103	1000157	54
E00121:9:H00UWALXX:7:1201:26994:60203	1000158	1000159	1
E00170:22:H00WVALXX:1:1207:32343:7655	1000077	1000160	83
E00170:22:H00WVALXX:1:1103:17554:25112	1000118	1000166	48
E00125:9:H05MEALXX:7:1123:21279:30017	1000141	1000168	27
E00125:9:H05MEALXX:7:2222:11880:4842	1000121	1000176	55
E00170:22:H00WVALXX:1:1113:14296:28013	1000112	1000180	68
E00170:22:H00WVALXX:1:2105:10327:32180	1000126	1000181	55
E00170:22:H00WVALXX:1:2105:10358:32127	1000127	1000182	55
E00170:22:H00WVALXX:1:2113:6856:27574	1000083	1000183	100
E00170:22:H00WVALXX:1:2216:3852:20682	1000137	1000184	47
E00170:22:H00WVALXX:1:1215:32028:41181	1000120	1000188	68
E00121:9:H00UWALXX:7:1111:21655:4473	1000110	1000193	83
E00170:22:H00WVALXX:1:1206:29511:4614	1000139	1000197	58
E00170:22:H00WVALXX:1:1201:9130:58410	1000122	1000199	77
E00121:9:H00UWALXX:7:1123:10439:61838	1000201	1000202	1
E00125:9:H05MEALXX:7:2224:12429:22282	1000089	1000203	114
E00170:22:H00WVALXX:1:2203:19554:3823	1000093	1000207	114
E00170:22:H00WVALXX:1:2204:21939:4473	1000145	1000208	63
E00170:22:H00WVALXX:1:1110:10531:21350	1000151	1000209	58
E00125:9:H05MEALXX:7:1216:19412:21157	1000119	1000210	91
E00170:22:H00WVALXX:1:2115:25248:58445	1000155	1000211	56
E00170:22:H00WVALXX:1:1215:32099:13105	1000146	1000212	66
E00170:22:H00WVALXX:1:1205:29572:49233	1000174	1000215	41
E00121:9:H00UWALXX:7:1118:6268:61082	1000154	1000217	63
E00170:22:H00WVALXX:1:1201:14063:44170	1000148	1000219	71
E00170:22:H00WVALXX:1:2102:22589:17342	1000163	1000220	57
E00170:22:H00WVALXX:1:1118:21087:22686	1000164	1000222	58
E00125:9:H05MEALXX:7:2218:32282:1643	1000179	1000223	44
E00170:22:H00WVALXX:1:2119:2745:50903	1000150	1000224	74
E00121:9:H00UWALXX:7:1106:10084:22440	1000173	1000227	54
E00125:9:H05MEALXX:7:1118:5293:10802	1000195	1000228	33
E00125:9:H05MEALXX:7:1217:18285:64809	1000169	1000229	60
E00170:22:H00WVALXX:1:2223:26314:35713	1000170	1000230	60
E00170:22:H00WVALXX:1:2120:4481:16885	1000204	1000233	29
E00170:22:H00WVALXX:1:2120:4644:17061	1000205	1000234	29
E00170:22:H00WVALXX:1:2120:4684:17026	1000206	1000235	29
E00125:9:H05MEALXX:7:2210:25684:43062	1000216	1000239	23
E00121:9:H00UWALXX:7:1107:15504:52749	1000191	1000240	49
E00170:22:H00WVALXX:1:2106:10003:72439	1000192	1000241	49
E00170:22:H00WVALXX:1:1105:21858:12068	1000189	1000243	54
E00170:22:H00WVALXX:1:1105:21878:12068	1000190	1000244	54
E00170:22:H00WVALXX:1:1123:21706:67534	1000200	1000245	45
E00121:9:H00UWALXX:7:2101:20944:19663	1000198	1000250	52
E00170:22:H00WVALXX:1:1210:24050:43080	1000186	1000251	65
E00170:22:H00WVALXX:1:2123:19087:65389	1000178	1000254	76
E00170:22:H00WVALXX:1:1214:21290:51061	1000214	1000255	41
E00170:22:H00WVALXX:1:2118:9556:53241	1000185	1000256	71
E00170:22:H00WVALXX:1:1119:30049:11242	1000167	1000260	93
E00125:9:H05MEALXX:7:2201:14773:42412	1000171	1000261	90
E00170:22:H00WVALXX:1:2219:2654:23987	1000161	1000262	101
E00121:9:H00UWALXX:7:1115:23939:43554	1000242	1000263	21
E00170:22:H00WVALXX:1:1212:28638:65477	1000196	1000264	68
E00170:22:H00WVALXX:1:2102:14651:62980	1000175	1000267	92
E00170:22:H00WVALXX:1:1203:17483:39862	1000177	1000270	93
E00170:22:H00WVALXX:1:2104:26080:5844	1000162	1000271	109
E00125:9:H05MEALXX:7:2101:15626:61152	1000194	1000272	78
E00170:22:H00WVALXX:1:2207:21543:68378	1000218	1000277	59
E00170:22:H00WVALXX:1:1105:6278:21227	1000172	1000278	106
E00125:9:H05MEALXX:7:1203:3892:24726	1000237	1000279	42
E00170:22:H00WVALXX:1:1202:14946:60783	1000165	1000280	115
E00170:22:H00WVALXX:1:1205:21097:67042	1000213	1000281	68
E00170:22:H00WVALXX:1:2216:29298:53786	1000187	1000282	95
E00170:22:H00WVALXX:1:1201:29410:27925	1000231	1000288	57
E00125:9:H05MEALXX:7:1101:15951:31195	1000247	1000292	45
E00121:9:H00UWALXX:7:1102:12652:15602	1000232	1000295	63
E00125:9:H05MEALXX:7:2101:4085:37612	1000225	1000300	75
E00170:22:H00WVALXX:1:1102:10764:27837	1000253	1000302	49
E00125:9:H05MEALXX:7:1219:11038:10310	1000248	1000304	56
E00170:22:H00WVALXX:1:2117:6318:17852	1000249	1000305	56
E00125:9:H05MEALXX:7:2204:8247:68342	1000268	1000309	41
E00170:22:H00WVALXX:1:2206:6196:9202	1000252	1000311	59
E00121:9:H00UWALXX:7:1122:2228:24937	1000265	1000313	48
E00170:22:H00WVALXX:1:1212:4522:49022	1000221	1000318	97
E00170:22:H00WVALXX:1:1108:26101:38052	1000257	1000322	65
E00170:22:H00WVALXX:1:2224:12175:28523	1000258	1000323	65
E00170:22:H00WVALXX:1:1123:7760:11206	1000298	1000324	26
E00170:22:H00WVALXX:1:2204:30201:65653	1000238	1000327	89
E00170:22:H00WVALXX:1:2107:4633:53540	1000283	1000328	45
E00170:22:H00WVALXX:1:2116:31988:13509	1000284	1000329	45
E00170:22:H00WVALXX:1:2201:30638:71015	1000226	1000332	106
E00170:22:H00WVALXX:1:1123:27085:62084	1000266	1000333	67
E00170:22:H00WVALXX:1:1201:10622:12367	1000273	1000334	61
E00121:9:H00UWALXX:7:1109:23888:44345	1000246	1000335	89
E00170:22:H00WVALXX:1:2120:20163:45699	1000236	1000337	101
E00170:22:H00WVALXX:1:1213:7567:2293	1000275	1000338	63
E00170:22:H00WVALXX:1:1115:17361:48090	1000285	1000339	54
E00170:22:H00WVALXX:1:1212:25126:16182	1000341	1000342	1
E00121:9:H00UWALXX:7:1110:8247:29138	1000274	1000343	69
E00170:22:H00WVALXX:1:1121:3080:11751	1000296	1000344	48
E00170:22:H00WVALXX:1:1120:17087:39739	1000316	1000345	29
E00170:22:H00WVALXX:1:1121:18945:39159	1000317	1000346	29
E00170:22:H00WVALXX:1:1104:2268:33024	1000294	1000347	53
E00170:22:H00WVALXX:1:2224:13220:10960	1000259	1000348	89
E00170:22:H00WVALXX:1:1203:25400:27064	1000287	1000349	62
E00125:9:H05MEALXX:7:2219:2938:22089	1000276	1000351	75
E00121:9:H00UWALXX:7:1116:14794:5423	1000303	1000352	49
E00170:22:H00WVALXX:1:1104:2228:33024	1000293	1000355	62
E00121:9:H00UWALXX:7:1110:3486:63191	1000306	1000358	52
E00170:22:H00WVALXX:1:2117:24355:25534	1000312	1000361	49
E00121:9:H00UWALXX:7:1114:11545:54331	1000269	1000365	96
E00170:22:H00WVALXX:1:1113:5060:71226	1000299	1000367	68
E00170:22:H00WVALXX:1:2111:5892:23091	1000336	1000368	32
E00170:22:H00WVALXX:1:1111:13718:47826	1000314	1000370	56
E00170:22:H00WVALXX:1:2105:9475:55808	1000286	1000372	86
E00121:9:H00UWALXX:7:1101:19320:65336	1000297	1000374	77
E00125:9:H05MEALXX:7:1201:7465:51096	1000320	1000375	55
E00170:22:H00WVALXX:1:1122:4846:71665	1000315	1000377	62
E00121:9:H00UWALXX:7:1114:8034:19452	1000301	1000378	77
E00170:22:H00WVALXX:1:2118:23908:9114	1000290	1000379	89
E00170:22:H00WVALXX:1:1119:17148:28488	1000330	1000382	52
E00170:22:H00WVALXX:1:2218:31785:62980	1000353	1000387	34
E00121:9:H00UWALXX:7:2101:22244:40021	1000350	1000392	42
E00170:22:H00WVALXX:1:1116:30384:2012	1000307	1000393	86
E00121:9:H00UWALXX:7:1101:8856:10785	1000331	1000401	70
E00170:22:H00WVALXX:1:2217:21909:67428	1000340	1000402	62
E00170:22:H00WVALXX:1:2104:24111:34711	1000289	1000404	115
E00170:22:H00WVALXX:1:1107:26750:4051	1000310	1000405	95
E00170:22:H00WVALXX:1:2204:31338:60660	1000291	1000407	116
E00170:22:H00WVALXX:1:1212:29146:47158	1000369	1000410	41
E00121:9:H00UWALXX:7:1117:20214:11048	1000319	1000411	92
E00121:9:H00UWALXX:7:1103:13779:64176	1000326	1000415	89
E00170:22:H00WVALXX:1:2109:22660:43871	1000308	1000422	114
E00170:22:H00WVALXX:1:2121:28009:7813	1000376	1000423	47
E00125:9:H05MEALXX:7:2205:27714:36346	1000366	1000426	60
E00170:22:H00WVALXX:1:2117:17280:63701	1000360	1000427	67
E00170:22:H00WVALXX:1:2212:24406:68624	1000356	1000428	72
E00170:22:H00WVALXX:1:2203:31754:9167	1000321	1000430	109
E00125:9:H05MEALXX:7:2202:23025:47422	1000364	1000431	67
E00125:9:H05MEALXX:7:1113:22903:1924	1000389	1000438	49
E00121:9:H00UWALXX:7:1106:29562:2979	1000371	1000439	68
E00170:22:H00WVALXX:1:1221:23878:68132	1000373	1000441	68
E00170:22:H00WVALXX:1:1214:15189:32057	1000325	1000442	117
E00170:22:H00WVALXX:1:1108:10470:32004	1000357	1000445	88
E00170:22:H00WVALXX:1:2103:27177:34430	1000403	1000446	43
E00170:22:H00WVALXX:1:1102:6866:71999	1000385	1000447	62
E00170:22:H00WVALXX:1:2212:19036:64070	1000399	1000449	50
E00121:9:H00UWALXX:7:1106:13180:49813	1000396	1000450	54
E00170:22:H00WVALXX:1:2119:26862:37647	1000398	1000451	53
E00170:22:H00WVALXX:1:1216:32871:36276	1000359	1000452	93
E00125:9:H05MEALXX:7:1115:30536:2487	1000397	1000453	56
E00170:22:H00WVALXX:1:1103:2279:4631	1000383	1000454	71
E00170:22:H00WVALXX:1:2201:19046:64826	1000406	1000455	49
E00125:9:H05MEALXX:7:1111:12134:69415	1000388	1000456	68
E00170:22:H00WVALXX:1:1110:18031:37542	1000400	1000457	57
E00121:9:H00UWALXX:7:1115:3527:52643	1000443	1000458	15
E00170:22:H00WVALXX:1:1104:24598:38333	1000363	1000459	96
E00170:22:H00WVALXX:1:1115:2076:50270	1000395	1000461	66
E00121:9:H00UWALXX:7:1115:13383:56669	1000381	1000462	81
E00121:9:H00UWALXX:7:1118:9556:4227	1000354	1000463	109
E00121:9:H00UWALXX:7:1108:4065:40495	1000464	1000467	3
E00170:22:H00WVALXX:1:1109:19138:50287	1000465	1000468	3
E00170:22:H00WVALXX:1:1109:19199:50252	1000466	1000469	3
E00121:9:H00UWALXX:7:1113:4410:11347	1000412	1000472	60
E00170:22:H00WVALXX:1:2116:32485:2135	1000417	1000473	56
E00170:22:H00WVALXX:1:2201:3659:55579	1000418	1000474	56
E00170:22:H00WVALXX:1:2201:3659:55614	1000419	1000475	56
E00121:9:H00UWALXX:7:1107:32221:33674	1000384	1000478	94
E00170:22:H00WVALXX:1:2103:21665:5159	1000432	1000479	47
E00170:22:H00WVALXX:1:1101:20538:20542	1000380	1000482	102
E00125:9:H05MEALXX:7:2119:21767:66690	1000421	1000487	66
E00170:22:H00WVALXX:1:1215:18234:9800	1000362	1000489	127
E00170:22:H00WVALXX:1:2123:27704:55315	1000429	1000490	61
E00121:9:H00UWALXX:7:1114:3730:44240	1000386	1000491	105
E00121:9:H00UWALXX:7:1119:27136:30457	1000416	1000492	76
E00170:22:H00WVALXX:1:1114:17666:56564	1000424	1000493	69
E00170:22:H00WVALXX:1:1114:17676:56546	1000425	1000494	69
E00121:9:H00UWALXX:7:1108:9241:60853	1000434	1000495	61
E00170:22:H00WVALXX:1:1202:12540:6653	1000435	1000496	61
E00170:22:H00WVALXX:1:2109:11109:33920	1000409	1000497	88
E00121:9:H00UWALXX:7:1111:19625:34465	1000413	1000498	85
E00125:9:H05MEALXX:7:2111:12591:17254	1000391	1000503	112
E00125:9:H05MEALXX:7:2217:29765:20102	1000437	1000505	68
E00170:22:H00WVALXX:1:2124:24862:43537	1000414	1000512	98
E00170:22:H00WVALXX:1:2222:11089:5757	1000460	1000513	53
E00170:22:H00WVALXX:1:1123:26030:9132	1000433	1000521	88
E00121:9:H00UWALXX:7:1105:12053:49549	1000480	1000523	43
E00125:9:H05MEALXX:7:2215:17301:40073	1000394	1000524	130
E00121:9:H00UWALXX:7:1110:16275:4579	1000486	1000525	39
E00121:9:H00UWALXX:7:1118:26456:9695	1000436	1000526	90
E00121:9:H00UWALXX:7:1105:9170:5598	1000471	1000528	57
E00170:22:H00WVALXX:1:2115:7851:1555	1000440	1000532	92
E00170:22:H00WVALXX:1:2105:6420:6038	1000408	1000535	127
E00170:22:H00WVALXX:1:2112:26283:61996	1000390	1000536	146
E00170:22:H00WVALXX:1:1212:18042:57812	1000420	1000540	120
E00121:9:H00UWALXX:7:1103:22071:20840	1000444	1000542	98
E00170:22:H00WVALXX:1:2216:23248:42746	1000488	1000545	57
E00170:22:H00WVALXX:1:1209:21696:43748	1000499	1000547	48
E00170:22:H00WVALXX:1:2202:23177:72017	1000481	1000548	67
E00170:22:H00WVALXX:1:1205:25776:26589	1000476	1000550	74
E00170:22:H00WVALXX:1:1219:14256:7690	1000500	1000552	52
E00170:22:H00WVALXX:1:1206:30059:32707	1000502	1000554	52
E00121:9:H00UWALXX:7:1113:28131:49022	1000470	1000557	87
E00170:22:H00WVALXX:1:2116:22386:15162	1000501	1000558	57
E00170:22:H00WVALXX:1:1219:6988:12191	1000519	1000562	43
E00125:9:H05MEALXX:7:1211:6998:52467	1000448	1000563	115
E00170:22:H00WVALXX:1:1109:3273:22915	1000510	1000568	58
E00170:22:H00WVALXX:1:1109:3304:22862	1000511	1000569	58
E00170:22:H00WVALXX:1:1203:20833:4772	1000483	1000570	87
E00170:22:H00WVALXX:1:2114:16194:50323	1000484	1000571	87
E00170:22:H00WVALXX:1:2110:17311:34465	1000485	1000574	89
E00170:22:H00WVALXX:1:1120:24121:67639	1000529	1000575	46
E00170:22:H00WVALXX:1:2102:15656:41409	1000539	1000576	37
E00170:22:H00WVALXX:1:1213:5415:45928	1000514	1000577	63
E00170:22:H00WVALXX:1:2201:28374:18784	1000549	1000578	29
E00170:22:H00WVALXX:1:2117:13220:46297	1000515	1000580	65
E00121:9:H00UWALXX:7:1108:4065:40495	1000581	1000584	3
E00125:9:H05MEALXX:7:1223:24872:38948	1000518	1000585	67
E00170:22:H00WVALXX:1:1109:19138:50287	1000582	1000586	4
E00170:22:H00WVALXX:1:1109:19199:50252	1000583	1000587	4
E00170:22:H00WVALXX:1:1218:28476:26273	1000516	1000590	74
E00170:22:H00WVALXX:1:2124:20904:10099	1000477	1000593	116
E00125:9:H05MEALXX:7:2205:12560:35942	1000507	1000594	87
E00125:9:H05MEALXX:7:1117:28110:60730	1000520	1000597	77
E00170:22:H00WVALXX:1:1124:9211:14916	1000527	1000601	74
E00125:9:H05MEALXX:7:2218:12581:5563	1000509	1000602	93
E00121:9:H00UWALXX:7:1113:30932:41884	1000517	1000603	86
E00170:22:H00WVALXX:1:2221:5222:41128	1000544	1000604	60
E00170:22:H00WVALXX:1:2121:25512:72193	1000506	1000607	101
E00121:9:H00UWALXX:7:1106:16945:3454	1000555	1000609	54
E00170:22:H00WVALXX:1:2224:31673:59130	1000556	1000610	54
E00170:22:H00WVALXX:1:1207:3882:5299	1000508	1000614	106
E00170:22:H00WVALXX:1:1220:10236:34834	1000541	1000616	75
E00121:9:H00UWALXX:7:1123:25837:56827	1000553	1000621	68
E00170:22:H00WVALXX:1:2106:29947:9624	1000537	1000622	85
E00170:22:H00WVALXX:1:2214:15717:5932	1000538	1000624	86
E00170:22:H00WVALXX:1:1210:14601:30685	1000533	1000626	93
E00170:22:H00WVALXX:1:2122:27542:59992	1000543	1000627	84
E00170:22:H00WVALXX:1:1118:29613:24550	1000573	1000629	56
E00170:22:H00WVALXX:1:1123:20853:45840	1000546	1000630	84
E00170:22:H00WVALXX:1:1124:30841:69749	1000560	1000633	73
E00170:22:H00WVALXX:1:1217:17118:10960	1000530	1000634	104
E00170:22:H00WVALXX:1:1222:17605:11699	1000531	1000635	104
E00170:22:H00WVALXX:1:2124:29968:51958	1000588	1000636	48
E00170:22:H00WVALXX:1:2124:29998:51975	1000589	1000637	48
E00125:9:H05MEALXX:7:2108:18437:8816	1000572	1000639	67
E00121:9:H00UWALXX:7:1107:26740:24462	1000559	1000648	89
E00170:22:H00WVALXX:1:1220:32607:13738	1000592	1000649	57
E00121:9:H00UWALXX:7:1119:18711:28382	1000646	1000650	4
E00125:9:H05MEALXX:7:2102:32333:34641	1000647	1000651	4
E00170:22:H00WVALXX:1:1107:21878:73318	1000653	1000654	1
E00170:22:H00WVALXX:1:1123:9678:21702	1000551	1000655	104
E00170:22:H00WVALXX:1:2107:22335:72069	1000564	1000658	94
E00170:22:H00WVALXX:1:1209:21401:72491	1000534	1000659	125
E00170:22:H00WVALXX:1:2106:25177:13914	1000598	1000661	63
E00170:22:H00WVALXX:1:2212:15271:23794	1000599	1000662	63
E00125:9:H05MEALXX:7:1217:27481:33797	1000605	1000665	60
E00170:22:H00WVALXX:1:1113:14286:14388	1000522	1000666	144
E00125:9:H05MEALXX:7:1123:28760:35344	1000561	1000667	106
E00121:9:H00UWALXX:7:1118:14712:64563	1000620	1000668	48
E00125:9:H05MEALXX:7:1119:7648:70610	1000567	1000669	102
E00121:9:H00UWALXX:7:1109:10835:66321	1000591	1000670	79
E00125:9:H05MEALXX:7:2207:12053:2539	1000600	1000671	71
E00170:22:H00WVALXX:1:1115:14966:42640	1000504	1000675	171
E00170:22:H00WVALXX:1:1212:31896:26466	1000642	1000676	34
E00170:22:H00WVALXX:1:1212:32120:26079	1000643	1000677	34
E00170:22:H00WVALXX:1:2216:19513:4350	1000644	1000678	34
E00170:22:H00WVALXX:1:1108:13444:9659	1000615	1000679	64
E00170:22:H00WVALXX:1:2216:8785:16076	1000618	1000680	62
E00170:22:H00WVALXX:1:2108:9160:19293	1000579	1000685	106
E00170:22:H00WVALXX:1:1109:1710:52098	1000596	1000687	91
E00170:22:H00WVALXX:1:2109:22670:62840	1000631	1000692	61
E00170:22:H00WVALXX:1:2210:17108:25675	1000640	1000694	54
E00121:9:H00UWALXX:7:1119:14124:21139	1000617	1000697	80
E00170:22:H00WVALXX:1:2105:25695:58128	1000565	1000698	133
E00170:22:H00WVALXX:1:2120:10104:27960	1000566	1000700	134
E00170:22:H00WVALXX:1:2204:3953:40302	1000606	1000701	95
E00125:9:H05MEALXX:7:2223:5050:26660	1000595	1000702	107
E00121:9:H00UWALXX:7:1104:13779:60765	1000625	1000703	78
E00125:9:H05MEALXX:7:2202:24872:49110	1000656	1000704	48
E00170:22:H00WVALXX:1:1116:29521:32619	1000619	1000705	86
E00121:9:H00UWALXX:7:1121:18184:44310	1000611	1000706	95
E00170:22:H00WVALXX:1:2220:13839:22897	1000613	1000707	94
E00170:22:H00WVALXX:1:1103:27511:36170	1000688	1000713	25
E00170:22:H00WVALXX:1:1103:27532:36206	1000689	1000714	25
E00170:22:H00WVALXX:1:1103:27562:36188	1000690	1000715	25
E00170:22:H00WVALXX:1:1103:27583:36188	1000691	1000716	25
E00170:22:H00WVALXX:1:2112:20203:51782	1000645	1000723	78
E00170:22:H00WVALXX:1:2220:13048:7145	1000641	1000724	83
E00170:22:H00WVALXX:1:1120:19371:71648	1000663	1000728	65
E00170:22:H00WVALXX:1:1120:19381:71665	1000664	1000729	65
E00170:22:H00WVALXX:1:1110:31176:23952	1000612	1000731	119
E00170:22:H00WVALXX:1:1208:30607:17729	1000608	1000732	124
E00125:9:H05MEALXX:7:2117:23005:16586	1000632	1000733	101
E00125:9:H05MEALXX:7:1118:30364:5001	1000672	1000739	67
E00170:22:H00WVALXX:1:2112:13423:9343	1000623	1000741	118
E00170:22:H00WVALXX:1:2214:8734:6917	1000660	1000747	87
E00125:9:H05MEALXX:7:2206:10246:32426	1000657	1000748	91
E00170:22:H00WVALXX:1:2207:19615:13246	1000628	1000749	121
E00121:9:H00UWALXX:7:1112:15910:12806	1000684	1000752	68
E00170:22:H00WVALXX:1:1207:30475:60326	1000673	1000756	83
E00170:22:H00WVALXX:1:1207:30485:60308	1000674	1000757	83
E00170:22:H00WVALXX:1:2117:9353:49198	1000699	1000758	59
E00170:22:H00WVALXX:1:2201:25350:9888	1000652	1000759	107
E00170:22:H00WVALXX:1:1107:28932:14090	1000717	1000760	43
E00170:22:H00WVALXX:1:1107:28983:14037	1000718	1000761	43
E00170:22:H00WVALXX:1:2216:28669:51852	1000719	1000762	43
E00170:22:H00WVALXX:1:2214:7293:28330	1000682	1000763	81
E00125:9:H05MEALXX:7:2215:26243:57495	1000709	1000764	55
E00170:22:H00WVALXX:1:2214:12307:63104	1000710	1000765	55
E00170:22:H00WVALXX:1:2217:10094:13175	1000711	1000766	55
E00170:22:H00WVALXX:1:2217:9840:13228	1000712	1000767	55
E00121:9:H00UWALXX:7:1119:2441:54911	1000686	1000768	82
E00170:22:H00WVALXX:1:2109:30293:29455	1000695	1000771	76
E00121:9:H00UWALXX:7:1116:2542:24392	1000727	1000772	45
E00170:22:H00WVALXX:1:1120:6125:47686	1000742	1000775	33
E00121:9:H00UWALXX:7:1108:27085:47105	1000726	1000776	50
E00170:22:H00WVALXX:1:1111:27329:31248	1000638	1000777	139
E00170:22:H00WVALXX:1:2203:32282:53259	1000755	1000785	30
E00125:9:H05MEALXX:7:2218:20193:48705	1000683	1000787	104
E00125:9:H05MEALXX:7:2210:17930:28787	1000720	1000788	68
E00121:9:H00UWALXX:7:1110:27928:30176	1000751	1000789	38
E00170:22:H00WVALXX:1:1110:18163:26800	1000737	1000792	55
E00121:9:H00UWALXX:7:1121:8277:2785	1000745	1000794	49
E00125:9:H05MEALXX:7:1123:15545:14283	1000773	1000798	25
E00121:9:H00UWALXX:7:1109:30709:55562	1000754	1000799	45
E00121:9:H00UWALXX:7:1119:21208:4473	1000722	1000803	81
E00121:9:H00UWALXX:7:1106:5618:50252	1000730	1000804	74
E00170:22:H00WVALXX:1:1210:25542:60713	1000753	1000805	52
E00170:22:H00WVALXX:1:1109:2857:47897	1000681	1000806	125
E00125:9:H05MEALXX:7:1124:19087:56353	1000696	1000807	111
E00170:22:H00WVALXX:1:2119:27248:11136	1000693	1000810	117
E00170:22:H00WVALXX:1:1112:22112:34237	1000721	1000811	90
E00125:9:H05MEALXX:7:2110:24588:61943	1000736	1000816	80
E00170:22:H00WVALXX:1:1222:31754:10644	1000725	1000819	94
E00170:22:H00WVALXX:1:2219:18833:61504	1000779	1000823	44
E00170:22:H00WVALXX:1:1209:28384:17324	1000740	1000824	84
E00121:9:H00UWALXX:7:1114:18326:48283	1000744	1000825	81
E00125:9:H05MEALXX:7:1209:16610:61873	1000769	1000827	58
E00170:22:H00WVALXX:1:1211:5750:1748	1000746	1000829	83
E00121:9:H00UWALXX:7:1105:32160:8640	1000708	1000834	126
E00170:22:H00WVALXX:1:1122:8927:22616	1000735	1000839	104
E00170:22:H00WVALXX:1:2206:12114:1344	1000738	1000842	104
E00170:22:H00WVALXX:1:1120:28171:24831	1000770	1000850	80
E00121:9:H00UWALXX:7:1115:4644:21350	1000750	1000851	101
E00170:22:H00WVALXX:1:1105:16357:38333	1000734	1000857	123
E00170:22:H00WVALXX:1:1115:16306:40847	1000837	1000858	21
E00170:22:H00WVALXX:1:2122:28029:14002	1000743	1000859	116
E00170:22:H00WVALXX:1:2208:12835:63068	1000838	1000860	22
E00170:22:H00WVALXX:1:1121:29308:67868	1000780	1000862	82
E00170:22:H00WVALXX:1:2123:24192:4157	1000820	1000864	44
E00125:9:H05MEALXX:7:2103:14164:37524	1000782	1000870	88
E00125:9:H05MEALXX:7:2119:11952:32883	1000783	1000871	88
E00170:22:H00WVALXX:1:2113:16519:61855	1000795	1000872	77
E00125:9:H05MEALXX:7:1206:12155:27750	1000791	1000874	83
E00125:9:H05MEALXX:7:1221:2593:9536	1000784	1000875	91
E00121:9:H00UWALXX:7:1108:10419:21579	1000790	1000878	88
E00170:22:H00WVALXX:1:2124:30729:52503	1000808	1000881	73
E00125:9:H05MEALXX:7:1108:25360:54665	1000854	1000882	28
E00170:22:H00WVALXX:1:2118:22609:48776	1000855	1000883	28
E00170:22:H00WVALXX:1:2118:22629:48776	1000856	1000884	28
E00170:22:H00WVALXX:1:2212:31734:16691	1000817	1000885	68
E00121:9:H00UWALXX:7:1104:13504:34518	1000821	1000887	66
E00170:22:H00WVALXX:1:1208:12418:72720	1000822	1000888	66
E00125:9:H05MEALXX:7:2219:15474:23653	1000793	1000890	97
E00170:22:H00WVALXX:1:1113:21980:41954	1000786	1000891	105
E00170:22:H00WVALXX:1:2120:16600:72298	1000774	1000893	119
E00121:9:H00UWALXX:7:1114:5892:19575	1000809	1000894	85
E00170:22:H00WVALXX:1:2108:23421:61222	1000835	1000895	60
E00125:9:H05MEALXX:7:2214:18001:23987	1000801	1000899	98
E00170:22:H00WVALXX:1:2124:11485:68008	1000802	1000900	98
E00125:9:H05MEALXX:7:1103:7841:27169	1000828	1000902	74
E00170:22:H00WVALXX:1:1123:25786:48231	1000778	1000903	125
E00125:9:H05MEALXX:7:1211:6085:20471	1000907	1000912	5
E00170:22:H00WVALXX:1:1105:9779:40372	1000908	1000913	5
E00170:22:H00WVALXX:1:1105:9820:40337	1000909	1000914	5
E00170:22:H00WVALXX:1:1105:9830:40319	1000910	1000915	5
E00170:22:H00WVALXX:1:1224:18234:31635	1000911	1000916	5
E00125:9:H05MEALXX:7:2203:25350:33199	1000815	1000919	104
E00170:22:H00WVALXX:1:1104:16245:15215	1000869	1000921	52
E00170:22:H00WVALXX:1:1101:6298:57654	1000797	1000922	125
E00125:9:H05MEALXX:7:1205:8450:50586	1000841	1000926	85
E00121:9:H00UWALXX:7:1110:13454:53522	1000833	1000927	94
E00125:9:H05MEALXX:7:2208:7973:42939	1000813	1000928	115
E00170:22:H00WVALXX:1:2206:4633:25165	1000831	1000930	99
E00170:22:H00WVALXX:1:2206:4664:25148	1000832	1000931	99
E00125:9:H05MEALXX:7:2222:17422:65143	1000847	1000932	85
E00170:22:H00WVALXX:1:1213:32789:59201	1000814	1000936	122
E00170:22:H00WVALXX:1:2214:14692:43291	1000861	1000939	78
E00170:22:H00WVALXX:1:2121:5861:34114	1000830	1000940	110
E00170:22:H00WVALXX:1:1213:17311:29543	1000846	1000941	95
E00170:22:H00WVALXX:1:2110:15788:69837	1000852	1000942	90
E00170:22:H00WVALXX:1:2122:4441:62523	1000840	1000943	103
E00125:9:H05MEALXX:7:2110:20599:10767	1000843	1000944	101
E00170:22:H00WVALXX:1:1108:20914:37401	1000836	1000945	109
E00170:22:H00WVALXX:1:1112:19899:43800	1000863	1000946	83
E00170:22:H00WVALXX:1:1212:28476:51413	1000800	1000947	147
E00170:22:H00WVALXX:1:2103:32323:29033	1000873	1000948	75
E00170:22:H00WVALXX:1:1112:10531:14248	1000853	1000949	96
E00170:22:H00WVALXX:1:1110:30628:68325	1000781	1000951	170
E00170:22:H00WVALXX:1:1108:14854:12841	1000877	1000956	79
E00170:22:H00WVALXX:1:1123:17118:46578	1000844	1000958	114
E00170:22:H00WVALXX:1:2119:6379:29420	1000796	1000959	163
E00170:22:H00WVALXX:1:1221:11545:26554	1000848	1000961	113
E00125:9:H05MEALXX:7:1108:7841:36874	1000866	1000962	96
E00125:9:H05MEALXX:7:2119:3842:24040	1000879	1000963	84
E00170:22:H00WVALXX:1:1112:11850:8165	1000826	1000964	138
E00125:9:H05MEALXX:7:1112:8592:45945	1000876	1000965	89
E00121:9:H00UWALXX:7:1106:14266:42622	1000865	1000967	102
E00170:22:H00WVALXX:1:1107:18387:38016	1000812	1000970	158
E00170:22:H00WVALXX:1:1214:17148:4368	1000973	1000974	1
E00170:22:H00WVALXX:1:2224:14773:26519	1000898	1000975	77
E00121:9:H00UWALXX:7:1108:12408:19926	1000917	1000978	61
E00170:22:H00WVALXX:1:2120:6389:15197	1000845	1000979	134
E00121:9:H00UWALXX:7:1118:11708:48072	1000886	1000980	94
E00170:22:H00WVALXX:1:2108:8287:28084	1000818	1000983	165
E00121:9:H00UWALXX:7:1113:22690:49022	1000905	1000985	80
E00170:22:H00WVALXX:1:1202:11941:5721	1000904	1000986	82
E00170:22:H00WVALXX:1:1211:7952:5669	1000925	1000987	62
E00125:9:H05MEALXX:7:2106:14834:54050	1000896	1000988	92
E00121:9:H00UWALXX:7:1117:28425:42148	1000937	1000989	52
E00170:22:H00WVALXX:1:1117:18894:55245	1000923	1000990	67
E00170:22:H00WVALXX:1:1214:31460:54155	1000901	1000991	90
E00170:22:H00WVALXX:1:1109:25563:13492	1000889	1000993	104
E00170:22:H00WVALXX:1:1110:30496:53821	1000897	1000994	97
E00170:22:H00WVALXX:1:1224:24629:56001	1000867	1000995	128
E00170:22:H00WVALXX:1:2108:22213:23548	1000868	1000996	128
E00125:9:H05MEALXX:7:2106:15788:63578	1000920	1001002	82
E00121:9:H00UWALXX:7:1106:17087:54542	1000892	1001014	122
E00170:22:H00WVALXX:1:2110:11109:18028	1000953	1001015	62
E00170:22:H00WVALXX:1:2110:11789:17834	1000954	1001016	62
E00170:22:H00WVALXX:1:2207:27735:48160	1000952	1001017	65
E00170:22:H00WVALXX:1:2107:16052:15725	1000918	1001019	101
E00170:22:H00WVALXX:1:2224:4481:27503	1000880	1001021	141
E00170:22:H00WVALXX:1:1205:18498:47633	1000924	1001026	102
E00170:22:H00WVALXX:1:2207:18173:21051	1000950	1001030	80
E00170:22:H00WVALXX:1:2205:10561:34623	1000957	1001031	74
E00170:22:H00WVALXX:1:1210:7668:41146	1000933	1001033	100
E00170:22:H00WVALXX:1:2203:6724:17430	1000934	1001034	100
E00170:22:H00WVALXX:1:2203:6734:17447	1000935	1001035	100
E00170:22:H00WVALXX:1:2207:22162:30422	1000968	1001037	69
E00170:22:H00WVALXX:1:2217:6460:15602	1000969	1001038	69
E00125:9:H05MEALXX:7:1217:18092:73265	1000972	1001042	70
E00170:22:H00WVALXX:1:1219:14479:61767	1000938	1001043	105
E00170:22:H00WVALXX:1:2112:32779:15443	1000929	1001045	116
E00170:22:H00WVALXX:1:1121:14022:15584	1000955	1001046	91
E00125:9:H05MEALXX:7:2114:3436:29033	1001003	1001050	47
E00170:22:H00WVALXX:1:2204:5212:31863	1000906	1001051	145
E00125:9:H05MEALXX:7:2218:8308:53118	1000977	1001052	75
E00125:9:H05MEALXX:7:2123:15118:30492	1001005	1001053	48
E00170:22:H00WVALXX:1:1219:22030:3014	1000992	1001054	62
E00121:9:H00UWALXX:7:1105:6856:27152	1001018	1001056	38
E00121:9:H00UWALXX:7:1110:8094:9536	1000966	1001059	93
E00170:22:H00WVALXX:1:2108:13626:69468	1001008	1001060	52
E00125:9:H05MEALXX:7:1215:4227:22634	1001010	1001061	51
E00170:22:H00WVALXX:1:1108:13017:61451	1001001	1001067	66
E00170:22:H00WVALXX:1:2114:29207:14529	1000960	1001069	109
E00125:9:H05MEALXX:7:1105:26040:46420	1001032	1001070	38
E00125:9:H05MEALXX:7:1101:15311:65424	1000998	1001071	73
E00170:22:H00WVALXX:1:1122:24020:56493	1001020	1001072	52
E00170:22:H00WVALXX:1:2106:24680:58163	1000849	1001074	225
E00170:22:H00WVALXX:1:1108:14154:21473	1000981	1001075	94
E00170:22:H00WVALXX:1:1110:30018:25956	1001006	1001078	72
E00170:22:H00WVALXX:1:2109:20264:72597	1000971	1001079	108
E00170:22:H00WVALXX:1:2208:23431:48231	1001007	1001080	73
E00121:9:H00UWALXX:7:1120:13921:47439	1001000	1001081	81
E00170:22:H00WVALXX:1:1218:11789:7392	1000976	1001082	106
E00121:9:H00UWALXX:7:1105:24152:4086	1001013	1001084	71
E00170:22:H00WVALXX:1:1121:9120:45523	1000984	1001086	102
E00125:9:H05MEALXX:7:2119:9536:72896	1001012	1001088	76
E00170:22:H00WVALXX:1:1107:25126:7462	1001004	1001089	85
E00121:9:H00UWALXX:7:1108:8561:49198	1000982	1001091	109
E00170:22:H00WVALXX:1:1107:30628:9853	1001023	1001092	69
E00170:22:H00WVALXX:1:1107:30668:9888	1001024	1001093	69
E00121:9:H00UWALXX:7:1114:23147:18836	1001011	1001095	84
E00121:9:H00UWALXX:7:1109:5516:32145	1000997	1001097	100
E00170:22:H00WVALXX:1:2108:30861:71823	1000999	1001099	100
E00170:22:H00WVALXX:1:2109:28770:21719	1001063	1001100	37
E00170:22:H00WVALXX:1:2109:28790:21684	1001064	1001101	37
E00170:22:H00WVALXX:1:2214:2745:49391	1001065	1001102	37
E00125:9:H05MEALXX:7:2117:6836:58093	1001036	1001103	67
E00170:22:H00WVALXX:1:1210:16428:34377	1001028	1001105	77
E00125:9:H05MEALXX:7:1204:9546:25798	1001044	1001106	62
E00121:9:H00UWALXX:7:1112:25400:22317	1001027	1001107	80
E00121:9:H00UWALXX:7:2101:7851:13826	1001040	1001108	68
E00170:22:H00WVALXX:1:1123:11718:6741	1001041	1001109	68
E00125:9:H05MEALXX:7:1118:2299:21895	1001057	1001114	57
E00125:9:H05MEALXX:7:2119:15981:45418	1001058	1001115	57
E00170:22:H00WVALXX:1:1209:16752:23091	1001047	1001117	70
E00170:22:H00WVALXX:1:2118:13900:65371	1001048	1001118	70
E00121:9:H00UWALXX:7:1111:23289:7585	1001096	1001120	24
E00125:9:H05MEALXX:7:2123:27897:28998	1001009	1001121	112
E00170:22:H00WVALXX:1:1206:9394:2680	1001077	1001123	46
E00170:22:H00WVALXX:1:2107:2167:35415	1001029	1001131	102
E00170:22:H00WVALXX:1:2122:25948:60326	1001076	1001134	58
E00170:22:H00WVALXX:1:1214:23269:11523	1001039	1001135	96
E00170:22:H00WVALXX:1:2113:30810:50358	1001066	1001136	70
E00170:22:H00WVALXX:1:1218:27339:59886	1001062	1001137	75
E00170:22:H00WVALXX:1:1123:16966:20260	1001025	1001140	115
E00121:9:H00UWALXX:7:1116:5192:45576	1001111	1001142	31
E00170:22:H00WVALXX:1:2208:4501:33024	1001112	1001143	31
E00170:22:H00WVALXX:1:2118:16702:49338	1001068	1001144	76
E00121:9:H00UWALXX:7:1117:12520:15725	1001022	1001145	123
E00121:9:H00UWALXX:7:1102:29663:48547	1001049	1001146	97
E00170:22:H00WVALXX:1:1213:32850:40495	1001083	1001148	65
E00170:22:H00WVALXX:1:1110:17179:55509	1001113	1001155	42
E00170:22:H00WVALXX:1:1102:23320:57284	1001154	1001156	2
E00170:22:H00WVALXX:1:1114:4674:45312	1001087	1001158	71
E00170:22:H00WVALXX:1:2207:27380:6091	1001055	1001159	104
E00170:22:H00WVALXX:1:1110:13758:19311	1001085	1001160	75
E00121:9:H00UWALXX:7:1116:21726:55298	1001094	1001161	67
E00170:22:H00WVALXX:1:2103:27187:55860	1001098	1001164	66
E00125:9:H05MEALXX:7:2203:9181:21438	1001124	1001166	42
E00170:22:H00WVALXX:1:2223:24730:26044	1001116	1001174	58
E00170:22:H00WVALXX:1:2107:3892:15584	1001110	1001175	65
E00121:9:H00UWALXX:7:1106:28699:63578	1001125	1001177	52
E00170:22:H00WVALXX:1:2213:3172:62752	1001073	1001180	107
E00125:9:H05MEALXX:7:1117:11170:63139	1001133	1001187	54
E00125:9:H05MEALXX:7:2218:25177:10433	1001119	1001191	72
E00170:22:H00WVALXX:1:1123:32617:35766	1001128	1001192	64
E00170:22:H00WVALXX:1:1214:11627:25112	1001104	1001193	89
E00170:22:H00WVALXX:1:1224:10135:51360	1001147	1001194	47
E00170:22:H00WVALXX:1:2210:6521:42464	1001141	1001195	54
E00170:22:H00WVALXX:1:1216:28232:41322	1001132	1001196	64
E00170:22:H00WVALXX:1:2210:16986:6266	1001090	1001197	107
E00170:22:H00WVALXX:1:2217:28628:10925	1001188	1001200	12
E00170:22:H00WVALXX:1:2217:28861:10978	1001189	1001201	12
E00170:22:H00WVALXX:1:1106:20000:12437	1001130	1001206	76
E00170:22:H00WVALXX:1:2115:29816:46631	1001152	1001207	55
E00125:9:H05MEALXX:7:2124:2116:1959	1001168	1001210	42
E00170:22:H00WVALXX:1:2103:22558:54524	1001150	1001211	61
E00170:22:H00WVALXX:1:2103:22568:54542	1001151	1001212	61
E00170:22:H00WVALXX:1:2103:24568:13386	1001170	1001213	43
E00125:9:H05MEALXX:7:2205:26172:7057	1001157	1001214	57
E00170:22:H00WVALXX:1:1221:31906:60273	1001171	1001215	44
E00170:22:H00WVALXX:1:2210:25248:46490	1001167	1001216	49
E00170:22:H00WVALXX:1:2211:15047:38983	1001176	1001217	41
E00121:9:H00UWALXX:7:1124:1954:44468	1001129	1001218	89
E00125:9:H05MEALXX:7:1205:14753:32742	1001153	1001220	67
E00125:9:H05MEALXX:7:1214:8338:54999	1001139	1001221	82
E00170:22:H00WVALXX:1:1119:13586:55755	1001183	1001222	39
E00170:22:H00WVALXX:1:1121:9394:32707	1001184	1001223	39
E00170:22:H00WVALXX:1:1207:32333:68712	1001126	1001226	100
E00170:22:H00WVALXX:1:1210:5121:54067	1001127	1001227	100
E00170:22:H00WVALXX:1:2223:10947:69714	1001163	1001231	68
E00170:22:H00WVALXX:1:1117:22751:31898	1001162	1001233	71
E00170:22:H00WVALXX:1:2110:12733:9765	1001165	1001234	69
E00170:22:H00WVALXX:1:2105:30414:25728	1001138	1001235	97
E00121:9:H00UWALXX:7:1121:5395:4122	1001122	1001236	114
E00170:22:H00WVALXX:1:2215:9059:58990	1001169	1001240	71
E00170:22:H00WVALXX:1:2216:6034:26431	1001172	1001241	69
E00170:22:H00WVALXX:1:2204:14489:48670	1001185	1001243	58
E00170:22:H00WVALXX:1:2204:14509:48670	1001186	1001244	58
E00121:9:H00UWALXX:7:1113:31531:12859	1001149	1001245	96
E00170:22:H00WVALXX:1:1118:9231:28066	1001205	1001254	49
E00125:9:H05MEALXX:7:2205:9089:23741	1001224	1001255	31
E00170:22:H00WVALXX:1:1220:31084:49110	1001182	1001257	75
E00170:22:H00WVALXX:1:1103:32668:4385	1001178	1001262	84
E00121:9:H00UWALXX:7:1114:17585:34061	1001190	1001263	73
E00125:9:H05MEALXX:7:2211:25512:33586	1001208	1001264	56
E00125:9:H05MEALXX:7:2220:21624:11347	1001202	1001266	64
E00125:9:H05MEALXX:7:2214:6663:18168	1001181	1001271	90
E00170:22:H00WVALXX:1:1220:23035:5528	1001199	1001273	74
E00170:22:H00WVALXX:1:1105:18955:40232	1001203	1001274	71
E00170:22:H00WVALXX:1:1105:18965:40179	1001204	1001275	71
E00170:22:H00WVALXX:1:2116:13565:39511	1001179	1001276	97
E00170:22:H00WVALXX:1:1212:19463:13404	1001256	1001277	21
E00170:22:H00WVALXX:1:1203:31399:3489	1001248	1001278	30
E00170:22:H00WVALXX:1:1214:3760:55087	1001225	1001285	60
E00125:9:H05MEALXX:7:1102:30567:41849	1001228	1001290	62
E00170:22:H00WVALXX:1:1107:5963:24480	1001267	1001291	24
E00170:22:H00WVALXX:1:1201:26283:56898	1001239	1001292	53
E00170:22:H00WVALXX:1:2112:5425:68659	1001173	1001293	120
E00170:22:H00WVALXX:1:2205:8226:28259	1001250	1001295	45
E00121:9:H00UWALXX:7:2101:30110:12261	1001230	1001297	67
E00125:9:H05MEALXX:7:2214:28811:7550	1001209	1001299	90
E00125:9:H05MEALXX:7:2202:30384:31547	1001249	1001301	52
E00170:22:H00WVALXX:1:1115:10074:19012	1001219	1001306	87
E00170:22:H00WVALXX:1:2116:15687:6759	1001246	1001307	61
E00125:9:H05MEALXX:7:2211:18843:39687	1001238	1001309	71
E00170:22:H00WVALXX:1:1119:30171:68132	1001247	1001313	66
E00170:22:H00WVALXX:1:2217:31774:3858	1001198	1001315	117
E00170:22:H00WVALXX:1:1121:17757:3875	1001251	1001318	67
E00125:9:H05MEALXX:7:2203:23411:58884	1001265	1001321	56
E00121:9:H00UWALXX:7:1116:22193:69292	1001232	1001322	90
E00121:9:H00UWALXX:7:1118:22335:37647	1001259	1001323	64
E00170:22:H00WVALXX:1:1206:11282:39810	1001296	1001327	31
E00170:22:H00WVALXX:1:2120:21584:31635	1001270	1001329	59
E00170:22:H00WVALXX:1:1112:10226:6407	1001229	1001333	104
E00170:22:H00WVALXX:1:1122:17087:57531	1001282	1001336	54
E00125:9:H05MEALXX:7:1124:16986:55913	1001279	1001337	58
E00121:9:H00UWALXX:7:1118:5770:42781	1001252	1001338	86
E00121:9:H00UWALXX:7:1116:4583:24937	1001237	1001340	103
E00121:9:H00UWALXX:7:1105:6836:55702	1001242	1001341	99
E00125:9:H05MEALXX:7:1102:13088:16920	1001268	1001342	74
E00125:9:H05MEALXX:7:2216:30079:30035	1001258	1001343	85
E00121:9:H00UWALXX:7:1114:13829:15215	1001260	1001346	86
E00170:22:H00WVALXX:1:1203:4928:12806	1001261	1001347	86
E00125:9:H05MEALXX:7:2104:18579:64932	1001314	1001351	37
E00170:22:H00WVALXX:1:1103:14124:9712	1001284	1001352	68
E00170:22:H00WVALXX:1:2224:7242:33340	1001253	1001356	103
E00170:22:H00WVALXX:1:2117:31774:67323	1001298	1001358	60
E00121:9:H00UWALXX:7:1123:7262:39458	1001269	1001362	93
E00125:9:H05MEALXX:7:2213:15849:57390	1001304	1001363	59
E00170:22:H00WVALXX:1:2218:3882:35045	1001308	1001364	56
E00170:22:H00WVALXX:1:2202:9292:27820	1001325	1001365	40
E00121:9:H00UWALXX:7:1106:7293:48582	1001283	1001367	84
E00125:9:H05MEALXX:7:1224:7871:50463	1001280	1001368	88
E00170:22:H00WVALXX:1:2115:17605:23583	1001281	1001369	88
E00170:22:H00WVALXX:1:2124:21827:65811	1001286	1001370	84
E00170:22:H00WVALXX:1:2124:21838:65828	1001287	1001371	84
E00170:22:H00WVALXX:1:2214:9170:53909	1001288	1001372	84
E00170:22:H00WVALXX:1:2219:7536:30228	1001339	1001375	36
E00125:9:H05MEALXX:7:2109:20163:40636	1001305	1001379	74
E00170:22:H00WVALXX:1:2114:23330:41339	1001294	1001380	86
E00170:22:H00WVALXX:1:2117:21716:8728	1001272	1001381	109
E00170:22:H00WVALXX:1:2104:6694:35836	1001319	1001388	69
E00170:22:H00WVALXX:1:1211:30739:30439	1001330	1001389	59
E00170:22:H00WVALXX:1:1211:30759:30545	1001331	1001390	59
E00170:22:H00WVALXX:1:1211:30770:30527	1001332	1001391	59
E00125:9:H05MEALXX:7:1221:17209:30000	1001350	1001397	47
E00170:22:H00WVALXX:1:2220:16072:32074	1001289	1001400	111
E00125:9:H05MEALXX:7:2216:15088:67006	1001334	1001401	67
E00170:22:H00WVALXX:1:2211:6795:57952	1001335	1001402	67
E00170:22:H00WVALXX:1:2201:3892:63613	1001300	1001403	103
E00121:9:H00UWALXX:7:1108:2116:55509	1001326	1001404	78
E00125:9:H05MEALXX:7:1104:12621:38333	1001357	1001405	48
E00170:22:H00WVALXX:1:2123:23380:25570	1001302	1001406	104
E00170:22:H00WVALXX:1:1113:29785:12929	1001310	1001407	97
E00170:22:H00WVALXX:1:2113:32312:48354	1001311	1001408	97
E00125:9:H05MEALXX:7:2110:13098:59341	1001303	1001409	106
E00170:22:H00WVALXX:1:2206:4166:69468	1001348	1001410	62
E00125:9:H05MEALXX:7:2203:5689:41656	1001320	1001411	91
E00170:22:H00WVALXX:1:1103:3669:19909	1001354	1001412	58
E00121:9:H00UWALXX:7:1104:15281:69626	1001316	1001415	99
E00170:22:H00WVALXX:1:2107:8886:54964	1001317	1001416	99
E00125:9:H05MEALXX:7:1102:28252:17975	1001312	1001417	105
E00170:22:H00WVALXX:1:1117:27826:32953	1001324	1001418	94
E00121:9:H00UWALXX:7:1106:25776:27117	1001353	1001421	68
E00125:9:H05MEALXX:7:1218:28790:40601	1001396	1001422	26
E00170:22:H00WVALXX:1:1204:18864:7304	1001373	1001423	50
E00170:22:H00WVALXX:1:2205:32566:56986	1001374	1001424	50
E00170:22:H00WVALXX:1:1216:25075:43660	1001328	1001427	99
E00125:9:H05MEALXX:7:1123:26842:49285	1001345	1001429	84
E00170:22:H00WVALXX:1:1120:14570:14388	1001376	1001430	54
E00170:22:H00WVALXX:1:1205:22731:55773	1001359	1001432	73
E00170:22:H00WVALXX:1:1103:31348:72069	1001377	1001433	56
E00125:9:H05MEALXX:7:1104:25705:67358	1001378	1001435	57
E00170:22:H00WVALXX:1:2223:22233:12015	1001344	1001436	92
E00170:22:H00WVALXX:1:1210:21919:53206	1001349	1001438	89
E00170:22:H00WVALXX:1:1201:2421:45453	1001385	1001440	55
E00170:22:H00WVALXX:1:2209:2573:52010	1001393	1001441	48
E00125:9:H05MEALXX:7:2123:12875:65037	1001361	1001443	82
E00125:9:H05MEALXX:7:2120:17869:17852	1001360	1001445	85
E00170:22:H00WVALXX:1:2105:29328:59148	1001366	1001448	82
E00170:22:H00WVALXX:1:1214:6765:46051	1001387	1001451	64
E00170:22:H00WVALXX:1:1118:7079:71419	1001413	1001453	40
E00170:22:H00WVALXX:1:1121:32840:66497	1001392	1001455	63
E00170:22:H00WVALXX:1:2211:7689:11962	1001355	1001459	104
E00121:9:H00UWALXX:7:1122:16346:70522	1001398	1001463	65
E00170:22:H00WVALXX:1:1119:31115:64141	1001399	1001464	65
E00170:22:H00WVALXX:1:2109:10267:2856	1001425	1001467	42
E00170:22:H00WVALXX:1:2119:31663:56863	1001383	1001469	86
E00170:22:H00WVALXX:1:2120:2390:66286	1001386	1001470	84
E00125:9:H05MEALXX:7:1122:29146:9747	1001384	1001473	89
E00121:9:H00UWALXX:7:1111:17321:24989	1001394	1001474	80
E00170:22:H00WVALXX:1:1223:22985:30721	1001444	1001482	38
E00121:9:H00UWALXX:7:1105:15920:2662	1001382	1001489	107
E00170:22:H00WVALXX:1:1107:15616:45558	1001428	1001499	71
E00121:9:H00UWALXX:7:1112:24812:28752	1001395	1001504	109
E00170:22:H00WVALXX:1:2105:30820:12437	1001481	1001507	26
E00170:22:H00WVALXX:1:1207:15534:13738	1001491	1001508	17
E00170:22:H00WVALXX:1:1207:15646:13826	1001492	1001509	17
E00170:22:H00WVALXX:1:1207:15727:13896	1001493	1001510	17
E00125:9:H05MEALXX:7:2220:13362:7726	1001434	1001511	77
E00121:9:H00UWALXX:7:1109:6176:6600	1001465	1001515	50
E00125:9:H05MEALXX:7:2204:32465:8675	1001490	1001516	26
E00170:22:H00WVALXX:1:2219:15189:12050	1001437	1001521	84
E00170:22:H00WVALXX:1:1201:12337:70294	1001449	1001522	73
E00170:22:H00WVALXX:1:1201:12388:70452	1001450	1001523	73
E00170:22:H00WVALXX:1:1124:20508:37085	1001471	1001524	53
E00170:22:H00WVALXX:1:2213:24223:60045	1001472	1001525	53
E00170:22:H00WVALXX:1:1210:22548:58585	1001447	1001530	83
E00170:22:H00WVALXX:1:2221:31054:46490	1001439	1001531	92
E00170:22:H00WVALXX:1:1201:8572:52696	1001478	1001532	54
E00121:9:H00UWALXX:7:1118:22274:46051	1001518	1001533	15
E00125:9:H05MEALXX:7:1221:24527:58568	1001460	1001534	74
E00170:22:H00WVALXX:1:1210:28293:53311	1001461	1001535	74
E00170:22:H00WVALXX:1:1123:29308:1731	1001426	1001536	110
E00121:9:H00UWALXX:7:1119:31795:53680	1001538	1001539	1
E00170:22:H00WVALXX:1:1106:25370:5985	1001475	1001540	65
E00121:9:H00UWALXX:7:1105:11211:21016	1001419	1001541	122
E00170:22:H00WVALXX:1:2120:25086:49514	1001420	1001542	122
E00121:9:H00UWALXX:7:1104:9556:39599	1001512	1001549	37
E00170:22:H00WVALXX:1:1201:32647:39862	1001456	1001552	96
E00170:22:H00WVALXX:1:2102:12388:25236	1001486	1001553	67
E00170:22:H00WVALXX:1:2206:11667:28066	1001457	1001554	97
E00170:22:H00WVALXX:1:1101:7597:44996	1001446	1001556	110
E00170:22:H00WVALXX:1:1123:22579:57478	1001484	1001557	73
E00170:22:H00WVALXX:1:2124:26588:62418	1001468	1001558	90
E00170:22:H00WVALXX:1:2201:31977:40425	1001485	1001559	74
E00170:22:H00WVALXX:1:1115:28313:12877	1001454	1001562	108
E00170:22:H00WVALXX:1:2216:6268:8376	1001442	1001567	125
E00170:22:H00WVALXX:1:1103:27958:20805	1001466	1001570	104
E00121:9:H00UWALXX:7:1105:10703:35573	1001479	1001572	93
E00170:22:H00WVALXX:1:1107:26496:54173	1001480	1001575	95
E00170:22:H00WVALXX:1:1117:9972:45699	1001477	1001579	102
E00121:9:H00UWALXX:7:1103:1213:41779	1001458	1001580	122
E00121:9:H00UWALXX:7:1115:32333:17412	1001494	1001586	92
E00170:22:H00WVALXX:1:1206:20812:33780	1001487	1001587	100
E00170:22:H00WVALXX:1:2103:12875:38597	1001488	1001588	100
E00170:22:H00WVALXX:1:1105:15210:59341	1001498	1001589	91
E00170:22:H00WVALXX:1:1123:13342:2240	1001452	1001591	139
E00170:22:H00WVALXX:1:1223:32099:43273	1001497	1001592	95
E00170:22:H00WVALXX:1:2119:7963:36768	1001496	1001593	97
E00121:9:H00UWALXX:7:1101:24862:20120	1001495	1001594	99
E00170:22:H00WVALXX:1:1104:27928:29261	1001414	1001595	181
E00170:22:H00WVALXX:1:1106:15555:8886	1001476	1001597	121
E00125:9:H05MEALXX:7:1210:9810:22809	1001431	1001599	168
E00170:22:H00WVALXX:1:2102:26933:57917	1001503	1001600	97
E00170:22:H00WVALXX:1:2222:13088:41673	1001506	1001601	95
E00125:9:H05MEALXX:7:2101:26618:16762	1001543	1001603	60
E00125:9:H05MEALXX:7:2203:16925:6337	1001569	1001604	35
E00125:9:H05MEALXX:7:2117:3294:11804	1001519	1001605	86
E00170:22:H00WVALXX:1:2207:30414:68167	1001505	1001606	101
E00170:22:H00WVALXX:1:1215:23868:22440	1001513	1001607	94
E00125:9:H05MEALXX:7:1117:29856:29543	1001551	1001608	57
E00170:22:H00WVALXX:1:2102:2268:55737	1001462	1001609	147
E00170:22:H00WVALXX:1:1209:11505:66215	1001545	1001610	65
E00170:22:H00WVALXX:1:1209:24598:8587	1001526	1001611	85
E00170:22:H00WVALXX:1:2107:27704:33305	1001527	1001612	85
E00125:9:H05MEALXX:7:2105:31825:39001	1001528	1001613	85
E00170:22:H00WVALXX:1:2209:30394:9448	1001529	1001614	85
E00121:9:H00UWALXX:7:1110:14865:7726	1001548	1001616	68
E00170:22:H00WVALXX:1:1120:32282:56458	1001501	1001618	117
E00170:22:H00WVALXX:1:1212:26517:64967	1001502	1001619	117
E00170:22:H00WVALXX:1:1109:16915:16691	1001546	1001620	74
E00170:22:H00WVALXX:1:1102:23025:49215	1001520	1001621	101
E00170:22:H00WVALXX:1:1213:7881:8464	1001537	1001624	87
E00170:22:H00WVALXX:1:2106:20203:8991	1001544	1001627	83
E00170:22:H00WVALXX:1:2214:25816:64070	1001566	1001629	63
E00125:9:H05MEALXX:7:1222:3172:50938	1001585	1001631	46
E00170:22:H00WVALXX:1:2208:30546:10908	1001574	1001632	58
E00125:9:H05MEALXX:7:1111:10216:17360	1001555	1001634	79
E00170:22:H00WVALXX:1:1201:16712:61873	1001547	1001635	88
E00170:22:H00WVALXX:1:2105:21564:27415	1001483	1001636	153
E00125:9:H05MEALXX:7:2102:15961:2100	1001517	1001637	120
E00170:22:H00WVALXX:1:2124:23553:18344	1001563	1001638	75
E00125:9:H05MEALXX:7:1208:27319:8411	1001571	1001639	68
E00170:22:H00WVALXX:1:1116:30414:25376	1001560	1001640	80
E00170:22:H00WVALXX:1:2119:9627:52520	1001576	1001641	65
E00170:22:H00WVALXX:1:2119:9729:52626	1001577	1001642	65
E00170:22:H00WVALXX:1:2119:9810:52626	1001578	1001643	65
E00170:22:H00WVALXX:1:1101:11820:51043	1001550	1001647	97
E00170:22:H00WVALXX:1:1107:18874:67235	1001564	1001651	87
E00125:9:H05MEALXX:7:1220:28537:27539	1001565	1001652	87
E00121:9:H00UWALXX:7:1103:32150:35590	1001581	1001656	75
E00170:22:H00WVALXX:1:1122:23807:54155	1001500	1001657	157
E00170:22:H00WVALXX:1:2211:25492:8341	1001602	1001659	57
E00170:22:H00WVALXX:1:1121:29470:42622	1001583	1001662	79
E00170:22:H00WVALXX:1:2103:9231:44767	1001630	1001665	35
E00170:22:H00WVALXX:1:1211:14722:3366	1001573	1001666	93
E00170:22:H00WVALXX:1:2106:19990:31406	1001561	1001668	107
E00121:9:H00UWALXX:7:1115:23695:34377	1001623	1001669	46
E00121:9:H00UWALXX:7:1106:12378:34711	1001625	1001671	46
E00170:22:H00WVALXX:1:2112:22335:58779	1001590	1001676	86
E00170:22:H00WVALXX:1:1116:26639:23829	1001596	1001678	82
E00170:22:H00WVALXX:1:1103:29998:53979	1001615	1001679	64
E00170:22:H00WVALXX:1:2114:28679:9536	1001598	1001682	84
E00125:9:H05MEALXX:7:2212:4532:72632	1001514	1001685	171
E00125:9:H05MEALXX:7:1123:25187:18080	1001617	1001686	69
E00121:9:H00UWALXX:7:1109:24263:13879	1001667	1001692	25
E00125:9:H05MEALXX:7:1209:7536:20840	1001633	1001696	63
E00170:22:H00WVALXX:1:1124:21361:60888	1001649	1001697	48
E00125:9:H05MEALXX:7:2211:5070:18010	1001654	1001700	46
E00121:9:H00UWALXX:7:1114:11617:33041	1001660	1001705	45
E00170:22:H00WVALXX:1:2122:27999:61943	1001658	1001707	49
E00170:22:H00WVALXX:1:2202:32312:47334	1001582	1001708	126
E00125:9:H05MEALXX:7:2119:14733:39247	1001661	1001709	48
E00170:22:H00WVALXX:1:1107:7820:29138	1001663	1001711	48
E00121:9:H00UWALXX:7:1112:15991:32109	1001628	1001713	85
E00121:9:H00UWALXX:7:1116:15007:39265	1001568	1001714	146
E00125:9:H05MEALXX:7:1216:29785:13984	1001644	1001715	71
E00170:22:H00WVALXX:1:1117:30668:8481	1001645	1001716	71
E00125:9:H05MEALXX:7:1108:16407:21614	1001677	1001717	40
E00170:22:H00WVALXX:1:2201:28577:5774	1001653	1001720	67
E00121:9:H00UWALXX:7:1114:7516:46719	1001584	1001721	137
E00121:9:H00UWALXX:7:1111:32414:61328	1001650	1001726	76
E00170:22:H00WVALXX:1:1107:29075:35045	1001670	1001728	58
E00170:22:H00WVALXX:1:2115:29420:35045	1001703	1001729	26
E00121:9:H00UWALXX:7:1102:5851:6178	1001702	1001730	28
E00121:9:H00UWALXX:7:1115:10409:61082	1001664	1001731	67
E00121:9:H00UWALXX:7:1104:6653:63754	1001655	1001732	77
E00170:22:H00WVALXX:1:2224:26202:59113	1001648	1001733	85
E00170:22:H00WVALXX:1:2220:28618:25816	1001626	1001734	108
E00170:22:H00WVALXX:1:1124:15971:42482	1001689	1001735	46
E00170:22:H00WVALXX:1:2104:29653:30562	1001680	1001736	56
E00125:9:H05MEALXX:7:2221:11698:27205	1001683	1001737	54
E00125:9:H05MEALXX:7:2221:11860:27205	1001684	1001738	54
E00125:9:H05MEALXX:7:2117:9668:15918	1001687	1001743	56
E00170:22:H00WVALXX:1:2216:12012:61363	1001690	1001744	54
E00170:22:H00WVALXX:1:2216:12043:61381	1001691	1001745	54
E00170:22:H00WVALXX:1:2121:26304:28734	1001688	1001746	58
E00170:22:H00WVALXX:1:1101:30759:41902	1001622	1001748	126
E00170:22:H00WVALXX:1:2108:28120:55755	1001698	1001751	53
E00125:9:H05MEALXX:7:2103:32048:25429	1001674	1001752	78
E00170:22:H00WVALXX:1:1116:31957:13422	1001675	1001753	78
E00170:22:H00WVALXX:1:2214:7019:51272	1001695	1001756	61
E00170:22:H00WVALXX:1:2218:2309:13404	1001646	1001757	111
E00125:9:H05MEALXX:7:2214:7486:25359	1001701	1001758	57
E00121:9:H00UWALXX:7:2101:22721:47000	1001681	1001765	84
E00170:22:H00WVALXX:1:1113:5537:30246	1001699	1001767	68
E00170:22:H00WVALXX:1:2118:9627:30263	1001694	1001768	74
E00170:22:H00WVALXX:1:2116:7719:20172	1001672	1001769	97
E00170:22:H00WVALXX:1:2208:5811:67499	1001673	1001770	97
E00170:22:H00WVALXX:1:1213:10185:41497	1001727	1001772	45
E00170:22:H00WVALXX:1:1120:27461:71735	1001722	1001775	53
E00170:22:H00WVALXX:1:1119:23411:57689	1001750	1001778	28
E00125:9:H05MEALXX:7:2120:5029:50604	1001704	1001779	75
E00121:9:H00UWALXX:7:1110:31125:24251	1001762	1001780	18
E00170:22:H00WVALXX:1:1124:22355:24849	1001764	1001781	17
E00170:22:H00WVALXX:1:1122:14093:45453	1001740	1001782	42
E00125:9:H05MEALXX:7:1117:3943:54981	1001759	1001784	25
E00170:22:H00WVALXX:1:1113:1751:16551	1001724	1001785	61
E00125:9:H05MEALXX:7:1107:12195:4930	1001718	1001788	70
E00170:22:H00WVALXX:1:1107:11617:21403	1001710	1001789	79
E00170:22:H00WVALXX:1:2111:14428:50217	1001712	1001790	78
E00121:9:H00UWALXX:7:1106:11302:17799	1001719	1001791	72
E00170:22:H00WVALXX:1:1214:23563:11751	1001741	1001795	54
E00170:22:H00WVALXX:1:2203:3588:36856	1001693	1001797	104
E00125:9:H05MEALXX:7:1204:17290:9079	1001749	1001803	54
E00170:22:H00WVALXX:1:1205:30069:59166	1001723	1001807	84
E00125:9:H05MEALXX:7:1105:31287:15883	1001754	1001809	55
E00170:22:H00WVALXX:1:1222:11403:13931	1001725	1001810	85
E00170:22:H00WVALXX:1:2103:21838:15373	1001742	1001815	73
E00125:9:H05MEALXX:7:1201:7881:18731	1001739	1001818	79
E00121:9:H00UWALXX:7:1107:25147:11857	1001755	1001819	64
E00121:9:H00UWALXX:7:1123:23756:67569	1001763	1001821	58
E00170:22:H00WVALXX:1:2111:23096:12806	1001760	1001825	65
E00170:22:H00WVALXX:1:1220:12033:45611	1001774	1001827	53
E00170:22:H00WVALXX:1:2117:10571:46736	1001706	1001828	122
E00170:22:H00WVALXX:1:1102:31165:69221	1001792	1001835	43
E00125:9:H05MEALXX:7:1203:10267:31652	1001783	1001839	56
E00170:22:H00WVALXX:1:2113:28395:8235	1001761	1001840	79
E00125:9:H05MEALXX:7:2224:6501:32619	1001787	1001844	57
E00121:9:H00UWALXX:7:1110:13504:3155	1001794	1001845	51
E00170:22:H00WVALXX:1:2105:10500:8394	1001777	1001847	70
E00170:22:H00WVALXX:1:2105:24000:70030	1001802	1001849	47
E00170:22:H00WVALXX:1:2103:20478:47264	1001747	1001851	104
E00170:22:H00WVALXX:1:1121:25461:35327	1001798	1001853	55
E00170:22:H00WVALXX:1:1121:25471:35344	1001799	1001854	55
E00125:9:H05MEALXX:7:1202:19209:11101	1001826	1001856	30
E00121:9:H00UWALXX:7:1104:20467:27802	1001796	1001857	61
E00125:9:H05MEALXX:7:2111:17158:1326	1001776	1001858	82
E00125:9:H05MEALXX:7:2118:25522:2557	1001771	1001859	88
E00170:22:H00WVALXX:1:2201:4978:47598	1001833	1001865	32
E00170:22:H00WVALXX:1:1120:24172:62207	1001817	1001868	51
E00170:22:H00WVALXX:1:2207:16813:29982	1001766	1001869	103
E00170:22:H00WVALXX:1:1123:28628:11664	1001848	1001873	25
E00170:22:H00WVALXX:1:2102:23766:51940	1001804	1001874	70
E00125:9:H05MEALXX:7:2105:6897:40372	1001801	1001875	74
E00170:22:H00WVALXX:1:1118:7932:50393	1001773	1001876	103
E00170:22:H00WVALXX:1:1204:13992:31811	1001813	1001878	65
E00170:22:H00WVALXX:1:1220:13291:67868	1001786	1001881	95
E00125:9:H05MEALXX:7:2123:3344:34114	1001834	1001885	51
E00121:9:H00UWALXX:7:1103:8704:41954	1001831	1001888	57
E00125:9:H05MEALXX:7:1218:19067:22388	1001812	1001889	77
E00170:22:H00WVALXX:1:2222:4552:3084	1001800	1001891	91
E00170:22:H00WVALXX:1:2217:8196:68747	1001793	1001892	99
E00170:22:H00WVALXX:1:2211:19594:61732	1001816	1001894	78
E00170:22:H00WVALXX:1:2109:24060:64545	1001884	1001896	12
E00121:9:H00UWALXX:7:1104:8389:40636	1001820	1001897	77
E00121:9:H00UWALXX:7:1108:18234:28013	1001806	1001899	93
E00170:22:H00WVALXX:1:1214:29470:5106	1001814	1001900	86
E00170:22:H00WVALXX:1:2113:24690:68132	1001808	1001905	97
E00170:22:H00WVALXX:1:1214:11870:45822	1001843	1001906	63
E00170:22:H00WVALXX:1:2119:17169:53522	1001811	1001907	96
E00170:22:H00WVALXX:1:1209:12560:53346	1001836	1001909	73
E00170:22:H00WVALXX:1:2117:29267:43220	1001832	1001911	79
E00170:22:H00WVALXX:1:2120:29937:44838	1001841	1001912	71
E00121:9:H00UWALXX:7:1111:1253:52186	1001850	1001913	63
E00170:22:H00WVALXX:1:1123:9444:45594	1001822	1001914	92
E00170:22:H00WVALXX:1:1122:27725:27890	1001838	1001916	78
E00170:22:H00WVALXX:1:2205:29338:70980	1001823	1001917	94
E00170:22:H00WVALXX:1:1207:17301:9062	1001846	1001919	73
E00121:9:H00UWALXX:7:1101:30161:59746	1001829	1001921	92
E00170:22:H00WVALXX:1:2115:16255:15303	1001805	1001922	117
E00170:22:H00WVALXX:1:2117:9302:27767	1001837	1001923	86
E00121:9:H00UWALXX:7:1113:20214:7602	1001842	1001926	84
E00170:22:H00WVALXX:1:1116:12611:21087	1001824	1001927	103
E00170:22:H00WVALXX:1:1208:28476:37524	1001855	1001928	73
E00125:9:H05MEALXX:7:2205:9647:16832	1001870	1001929	59
E00170:22:H00WVALXX:1:2224:13657:57355	1001871	1001930	59
E00170:22:H00WVALXX:1:2112:13789:1186	1001867	1001931	64
E00121:9:H00UWALXX:7:1111:19188:38034	1001830	1001934	104
E00170:22:H00WVALXX:1:2207:6268:33938	1001861	1001937	76
E00125:9:H05MEALXX:7:1118:25979:3946	1001852	1001938	86
E00125:9:H05MEALXX:7:2220:3415:9237	1001893	1001939	46
E00170:22:H00WVALXX:1:2224:9485:58814	1001898	1001940	42
E00125:9:H05MEALXX:7:1102:24954:65143	1001886	1001941	55
E00170:22:H00WVALXX:1:1210:24182:12437	1001864	1001943	79
E00170:22:H00WVALXX:1:1214:27268:8640	1001924	1001944	20
E00170:22:H00WVALXX:1:2210:19006:67639	1001862	1001945	83
E00121:9:H00UWALXX:7:1118:7780:50832	1001860	1001952	92
E00170:22:H00WVALXX:1:2214:3628:31723	1001866	1001953	87
E00125:9:H05MEALXX:7:1103:3842:25728	1001879	1001954	75
E00125:9:H05MEALXX:7:1118:23969:3454	1001880	1001955	75
E00170:22:H00WVALXX:1:1108:12520:17869	1001949	1001959	10
E00170:22:H00WVALXX:1:1108:12550:17746	1001950	1001960	10
E00170:22:H00WVALXX:1:1108:12571:17711	1001951	1001961	10
E00170:22:H00WVALXX:1:1109:4694:27943	1001908	1001962	54
E00170:22:H00WVALXX:1:2117:30171:49004	1001920	1001967	47
E00125:9:H05MEALXX:7:2102:27268:43765	1001933	1001969	36
E00170:22:H00WVALXX:1:2205:11170:50375	1001882	1001970	88
E00170:22:H00WVALXX:1:1101:24030:48951	1001890	1001981	91
E00170:22:H00WVALXX:1:1123:22396:16973	1001887	1001984	97
E00170:22:H00WVALXX:1:1117:13474:72720	1001932	1001988	56
E00170:22:H00WVALXX:1:1224:25197:4315	1001901	1001990	89
E00125:9:H05MEALXX:7:2104:11830:50041	1001918	1001999	81
E00170:22:H00WVALXX:1:1221:23228:30685	1001935	1002000	65
E00125:9:H05MEALXX:7:2203:29440:59166	1001903	1002002	99
E00121:9:H00UWALXX:7:1103:23472:52485	1001946	1002004	58
E00170:22:H00WVALXX:1:2201:9982:12595	1001877	1002005	128
E00125:9:H05MEALXX:7:2117:9475:14388	1001904	1002007	103
E00170:22:H00WVALXX:1:1116:28669:14265	1001863	1002010	147
E00125:9:H05MEALXX:7:1212:14865:17289	1001902	1002011	109
E00170:22:H00WVALXX:1:2108:24548:55966	1001968	1002014	46
E00125:9:H05MEALXX:7:1218:6602:10327	1001925	1002015	90
E00121:9:H00UWALXX:7:1109:17798:23776	1001956	1002016	60
E00125:9:H05MEALXX:7:2221:10551:10310	1001942	1002017	75
E00170:22:H00WVALXX:1:1207:30709:31793	1001948	1002018	70
E00170:22:H00WVALXX:1:2120:28557:63930	1001983	1002019	36
E00125:9:H05MEALXX:7:1124:20132:25675	1001995	1002020	25
E00170:22:H00WVALXX:1:1222:9221:39933	1001971	1002021	50
E00170:22:H00WVALXX:1:1208:19534:15109	1001936	1002022	86
E00121:9:H00UWALXX:7:1106:16955:54911	1001895	1002026	131
E00170:22:H00WVALXX:1:2113:21036:21544	1001974	1002027	53
E00125:9:H05MEALXX:7:2107:3862:15320	1001883	1002030	147
E00170:22:H00WVALXX:1:2115:15179:72579	1001957	1002031	74
E00125:9:H05MEALXX:7:1219:2461:55685	1001915	1002034	119
E00125:9:H05MEALXX:7:1209:8764:29472	1001963	1002035	72
E00170:22:H00WVALXX:1:1205:16428:51747	1001965	1002036	71
E00170:22:H00WVALXX:1:2214:7678:17219	1001966	1002037	71
E00121:9:H00UWALXX:7:1119:30891:8411	1001985	1002038	53
E00125:9:H05MEALXX:7:2106:28790:15637	1001986	1002039	53
E00170:22:H00WVALXX:1:1202:22264:57952	1001987	1002040	53
E00170:22:H00WVALXX:1:1121:8825:50674	1001947	1002041	94
E00121:9:H00UWALXX:7:1119:13251:62699	1001910	1002042	132
E00125:9:H05MEALXX:7:2204:19584:16111	1002043	1002044	1
E00125:9:H05MEALXX:7:1203:3842:3788	1002045	1002048	3
E00125:9:H05MEALXX:7:2205:13850:43414	1001872	1002049	177
E00170:22:H00WVALXX:1:1114:21056:72105	1001996	1002050	54
E00170:22:H00WVALXX:1:2119:17402:28400	1001997	1002051	54
E00125:9:H05MEALXX:7:1106:31409:41937	1001972	1002053	81
E00170:22:H00WVALXX:1:1115:30536:70382	1002003	1002054	51
E00170:22:H00WVALXX:1:2122:4816:53751	1001973	1002055	82
E00125:9:H05MEALXX:7:2210:4674:50375	1001958	1002056	98
E00170:22:H00WVALXX:1:1205:3162:23917	1001964	1002057	93
E00170:22:H00WVALXX:1:1217:12672:58146	1001979	1002060	81
E00170:22:H00WVALXX:1:2120:6481:21122	1001980	1002061	81
E00125:9:H05MEALXX:7:2120:6440:11769	1001991	1002062	71
E00170:22:H00WVALXX:1:1102:26740:71226	1001989	1002064	75
E00125:9:H05MEALXX:7:1107:28029:45892	1001994	1002065	71
E00121:9:H00UWALXX:7:1111:25583:69573	1001993	1002066	73
E00125:9:H05MEALXX:7:1118:28049:16815	1001978	1002067	89
E00170:22:H00WVALXX:1:2110:25004:69556	1001992	1002068	76
E00170:22:H00WVALXX:1:1224:23096:38825	1001976	1002073	97
E00170:22:H00WVALXX:1:2204:15382:69134	1001977	1002074	97
E00121:9:H00UWALXX:7:1107:5181:61943	1001998	1002076	78
E00170:22:H00WVALXX:1:2115:20467:62365	1002001	1002078	77
E00125:9:H05MEALXX:7:2218:4704:23917	1002028	1002086	58
E00170:22:H00WVALXX:1:1124:22102:34043	1002008	1002089	81
E00170:22:H00WVALXX:1:2122:19331:18239	1002013	1002090	77
E00121:9:H00UWALXX:7:1109:14083:70294	1001975	1002091	116
E00170:22:H00WVALXX:1:1220:9587:48512	1001982	1002097	115
E00170:22:H00WVALXX:1:2220:16011:25394	1002033	1002100	67
E00125:9:H05MEALXX:7:1113:10165:69520	1002063	1002101	38
E00170:22:H00WVALXX:1:2223:6034:40249	1002087	1002102	15
E00170:22:H00WVALXX:1:1224:7354:34870	1002009	1002104	95
E00170:22:H00WVALXX:1:1202:15169:8605	1002046	1002107	61
E00125:9:H05MEALXX:7:1119:20660:26870	1002052	1002108	56
E00170:22:H00WVALXX:1:1102:15443:65196	1002025	1002109	84
E00125:9:H05MEALXX:7:1122:12835:14793	1002012	1002110	98
E00170:22:H00WVALXX:1:1117:24294:70540	1002058	1002111	53
E00170:22:H00WVALXX:1:2114:15748:66672	1002088	1002116	28
E00121:9:H00UWALXX:7:1115:5435:55843	1002059	1002117	58
E00121:9:H00UWALXX:7:1119:27623:8517	1002077	1002119	42
E00170:22:H00WVALXX:1:2205:29115:7268	1002029	1002120	91
E00125:9:H05MEALXX:7:1208:27786:31512	1002032	1002121	89
E00170:22:H00WVALXX:1:2115:21635:17483	1002085	1002122	37
E00170:22:H00WVALXX:1:2209:3892:55456	1002024	1002123	99
E00170:22:H00WVALXX:1:1124:7841:47633	1002105	1002130	25
E00170:22:H00WVALXX:1:2201:11302:39142	1002070	1002137	67
E00121:9:H00UWALXX:7:1110:30952:36505	1002079	1002139	60
E00170:22:H00WVALXX:1:1113:22223:33305	1002083	1002140	57
E00170:22:H00WVALXX:1:1201:21980:72544	1002084	1002141	57
E00125:9:H05MEALXX:7:2105:21188:25323	1002069	1002142	73
E00170:22:H00WVALXX:1:1203:28080:23196	1002112	1002144	32
E00170:22:H00WVALXX:1:1203:28090:23179	1002113	1002145	32
E00170:22:H00WVALXX:1:1207:10602:61803	1002047	1002146	99
E00170:22:H00WVALXX:1:2118:31551:25236	1002006	1002147	141
E00125:9:H05MEALXX:7:2213:31105:58779	1002023	1002149	126
E00125:9:H05MEALXX:7:2210:27258:40407	1002081	1002154	73
E00125:9:H05MEALXX:7:2215:20467:34975	1002098	1002157	59
E00170:22:H00WVALXX:1:2212:32069:36856	1002099	1002158	59
E00170:22:H00WVALXX:1:2219:31176:69696	1002092	1002159	67
E00170:22:H00WVALXX:1:2213:31511:26677	1002071	1002160	89
E00170:22:H00WVALXX:1:2115:23299:39071	1002075	1002165	90
E00170:22:H00WVALXX:1:1211:21432:58550	1002093	1002166	73
E00170:22:H00WVALXX:1:1211:21462:58568	1002094	1002167	73
E00170:22:H00WVALXX:1:2106:8937:12402	1002082	1002172	90
E00170:22:H00WVALXX:1:1114:28120:21473	1002096	1002174	78
E00170:22:H00WVALXX:1:2112:24751:38561	1002103	1002175	72
E00121:9:H00UWALXX:7:1117:15240:7884	1002150	1002177	27
E00121:9:H00UWALXX:7:1117:16042:8921	1002151	1002178	27
E00125:9:H05MEALXX:7:2211:8572:34518	1002152	1002179	27
E00170:22:H00WVALXX:1:1122:7191:37929	1002153	1002180	27
E00121:9:H00UWALXX:7:1115:6471:52292	1002126	1002182	56
E00125:9:H05MEALXX:7:1110:20315:54964	1002072	1002186	114
E00170:22:H00WVALXX:1:1206:21756:68219	1002095	1002187	92
E00170:22:H00WVALXX:1:1116:26537:26044	1002170	1002188	18
E00170:22:H00WVALXX:1:2219:28181:9659	1002171	1002189	18
E00125:9:H05MEALXX:7:2207:27806:45330	1002132	1002191	59
E00125:9:H05MEALXX:7:2207:27857:45418	1002133	1002192	59
E00170:22:H00WVALXX:1:2114:26537:27662	1002134	1002193	59
E00121:9:H00UWALXX:7:1112:31155:39599	1002080	1002194	114
E00121:9:H00UWALXX:7:1107:28141:69608	1002114	1002195	81
E00170:22:H00WVALXX:1:2217:3933:46068	1002115	1002196	81
E00125:9:H05MEALXX:7:1115:27857:18450	1002106	1002200	94
E00170:22:H00WVALXX:1:1124:7364:61363	1002129	1002202	73
E00125:9:H05MEALXX:7:1207:17950:65389	1002124	1002203	79
E00125:9:H05MEALXX:7:2109:20193:1731	1002125	1002204	79
E00170:22:H00WVALXX:1:1113:24943:27117	1002156	1002207	51
E00125:9:H05MEALXX:7:1121:26771:56089	1002163	1002209	46
E00170:22:H00WVALXX:1:1219:25705:29771	1002164	1002210	46
E00170:22:H00WVALXX:1:1108:6359:20313	1002168	1002212	44
E00170:22:H00WVALXX:1:1117:26243:40302	1002169	1002213	44
E00170:22:H00WVALXX:1:1120:24263:50024	1002148	1002214	66
E00170:22:H00WVALXX:1:1217:19188:3295	1002162	1002216	54
E00121:9:H00UWALXX:7:1113:11200:59253	1002131	1002217	86
E00170:22:H00WVALXX:1:2116:26405:33797	1002155	1002218	63
E00125:9:H05MEALXX:7:2203:3111:40530	1002143	1002222	79
E00170:22:H00WVALXX:1:1223:9079:44257	1002136	1002226	90
E00170:22:H00WVALXX:1:1224:29044:26062	1002135	1002231	96
E00170:22:H00WVALXX:1:2224:29937:48951	1002184	1002235	51
E00170:22:H00WVALXX:1:1120:14936:19276	1002198	1002236	38
E00170:22:H00WVALXX:1:2202:13230:5704	1002219	1002238	19
E00170:22:H00WVALXX:1:1106:9160:5581	1002181	1002239	58
E00170:22:H00WVALXX:1:2124:22112:43730	1002127	1002240	113
E00121:9:H00UWALXX:7:1115:27603:18959	1002161	1002245	84
E00170:22:H00WVALXX:1:1210:20346:58568	1002220	1002248	28
E00125:9:H05MEALXX:7:1206:10419:47492	1002173	1002249	76
E00170:22:H00WVALXX:1:2203:18092:9343	1002128	1002251	123
E00170:22:H00WVALXX:1:1114:26699:69151	1002183	1002254	71
E00170:22:H00WVALXX:1:1121:23898:22247	1002206	1002256	50
E00121:9:H00UWALXX:7:1103:27654:64686	1002223	1002257	34
E00121:9:H00UWALXX:7:1111:19757:24462	1002138	1002259	121
E00121:9:H00UWALXX:7:1123:5050:33973	1002176	1002260	84
E00170:22:H00WVALXX:1:1109:8815:12261	1002190	1002261	71
E00170:22:H00WVALXX:1:1118:26639:52485	1002229	1002262	33
E00170:22:H00WVALXX:1:1209:6714:57847	1002208	1002267	59
E00170:22:H00WVALXX:1:1105:6684:43765	1002246	1002269	23
E00170:22:H00WVALXX:1:2224:26679:47738	1002185	1002270	85
E00125:9:H05MEALXX:7:2211:19128:49918	1002201	1002273	72
E00121:9:H00UWALXX:7:1120:5811:6460	1002197	1002274	77
E00125:9:H05MEALXX:7:2207:15271:69643	1002252	1002275	23
E00121:9:H00UWALXX:7:1111:5922:8974	1002278	1002279	1
E00170:22:H00WVALXX:1:1120:23817:8534	1002224	1002280	56
E00125:9:H05MEALXX:7:2103:12865:40056	1002233	1002286	53
E00170:22:H00WVALXX:1:1117:25613:31019	1002237	1002287	50
E00170:22:H00WVALXX:1:1118:25725:55966	1002255	1002288	33
E00125:9:H05MEALXX:7:2212:30303:44873	1002242	1002290	48
E00170:22:H00WVALXX:1:2201:8196:45049	1002118	1002291	173
E00170:22:H00WVALXX:1:2112:9079:37471	1002199	1002294	95
E00170:22:H00WVALXX:1:2118:23918:25341	1002221	1002295	74
E00125:9:H05MEALXX:7:2109:27694:49707	1002241	1002301	60
E00170:22:H00WVALXX:1:2102:28841:24374	1002253	1002302	49
E00121:9:H00UWALXX:7:1101:23025:57618	1002232	1002304	72
E00121:9:H00UWALXX:7:1201:21442:10187	1002211	1002305	94
E00121:9:H00UWALXX:7:1117:21066:65688	1002234	1002306	72
E00170:22:H00WVALXX:1:2109:24872:49039	1002271	1002314	43
E00125:9:H05MEALXX:7:1119:24730:37858	1002225	1002315	90
E00125:9:H05MEALXX:7:2223:31774:54173	1002243	1002316	73
E00170:22:H00WVALXX:1:2102:29826:67745	1002247	1002317	70
E00125:9:H05MEALXX:7:1102:31440:62031	1002265	1002319	54
E00121:9:H00UWALXX:7:1104:6471:43818	1002250	1002320	70
E00170:22:H00WVALXX:1:2115:31084:8780	1002266	1002321	55
E00170:22:H00WVALXX:1:1122:24517:33410	1002276	1002322	46
E00170:22:H00WVALXX:1:1215:28567:70593	1002215	1002323	108
E00125:9:H05MEALXX:7:2124:18539:16797	1002227	1002324	97
E00170:22:H00WVALXX:1:2106:18681:53505	1002230	1002329	99
E00125:9:H05MEALXX:7:1122:5009:50428	1002268	1002332	64
E00170:22:H00WVALXX:1:1108:32546:44187	1002228	1002333	105
E00170:22:H00WVALXX:1:1220:19787:9150	1002281	1002334	53
E00170:22:H00WVALXX:1:1211:23106:53540	1002282	1002341	59
E00170:22:H00WVALXX:1:2208:19351:37823	1002283	1002342	59
E00170:22:H00WVALXX:1:1212:27542:65618	1002289	1002343	54
E00125:9:H05MEALXX:7:2211:14032:10327	1002205	1002344	139
E00170:22:H00WVALXX:1:1118:22771:40407	1002263	1002345	82
E00170:22:H00WVALXX:1:1209:28750:60642	1002264	1002346	82
E00170:22:H00WVALXX:1:2104:11129:26326	1002285	1002348	63
E00121:9:H00UWALXX:7:1113:1578:19557	1002309	1002349	40
E00170:22:H00WVALXX:1:1207:27491:68940	1002310	1002350	40
E00170:22:H00WVALXX:1:1207:27522:68958	1002311	1002351	40
E00170:22:H00WVALXX:1:2209:5486:59869	1002313	1002352	39
E00170:22:H00WVALXX:1:1105:26923:56071	1002244	1002353	109
E00170:22:H00WVALXX:1:1209:18833:31230	1002258	1002355	97
E00170:22:H00WVALXX:1:2206:6866:47141	1002300	1002359	59
E00170:22:H00WVALXX:1:1108:6024:57038	1002277	1002361	84
E00170:22:H00WVALXX:1:1106:6785:34975	1002335	1002366	31
E00170:22:H00WVALXX:1:1208:21208:55913	1002284	1002369	85
E00170:22:H00WVALXX:1:1220:32170:67551	1002297	1002371	74
E00170:22:H00WVALXX:1:1221:29592:58796	1002298	1002372	74
E00170:22:H00WVALXX:1:2208:32800:63895	1002308	1002374	66
E00170:22:H00WVALXX:1:2214:27136:72966	1002318	1002377	59
E00170:22:H00WVALXX:1:1206:7313:32619	1002292	1002378	86
E00170:22:H00WVALXX:1:1112:18285:24620	1002307	1002381	74
E00170:22:H00WVALXX:1:1213:24162:72069	1002312	1002384	72
E00170:22:H00WVALXX:1:1112:28760:57003	1002303	1002388	85
E00170:22:H00WVALXX:1:1102:16275:32742	1002299	1002390	91
E00170:22:H00WVALXX:1:2121:16489:29349	1002331	1002398	67
E00125:9:H05MEALXX:7:2211:26578:1361	1002272	1002399	127
E00121:9:H00UWALXX:7:1103:23726:46560	1002387	1002401	14
E00125:9:H05MEALXX:7:2218:19046:51641	1002362	1002402	40
E00125:9:H05MEALXX:7:1117:14093:18590	1002370	1002404	34
E00170:22:H00WVALXX:1:1108:8622:27081	1002338	1002405	67
E00170:22:H00WVALXX:1:1105:15951:21315	1002327	1002409	82
E00170:22:H00WVALXX:1:1106:2370:26589	1002337	1002411	74
E00121:9:H00UWALXX:7:1108:5730:5475	1002339	1002414	75
E00170:22:H00WVALXX:1:2108:15169:52309	1002357	1002415	58
E00170:22:H00WVALXX:1:1221:22782:33147	1002358	1002416	58
E00170:22:H00WVALXX:1:2213:24355:61926	1002360	1002422	62
E00125:9:H05MEALXX:7:2115:25857:16815	1002336	1002423	87
E00170:22:H00WVALXX:1:1116:5801:8271	1002296	1002424	128
E00170:22:H00WVALXX:1:1111:30881:12402	1002325	1002426	101
E00170:22:H00WVALXX:1:1113:22152:16691	1002340	1002427	87
E00125:9:H05MEALXX:7:2219:12063:30123	1002354	1002428	74
E00121:9:H00UWALXX:7:1116:10744:36698	1002367	1002436	69
E00170:22:H00WVALXX:1:1102:31003:3788	1002347	1002438	91
E00121:9:H00UWALXX:7:1106:21117:29103	1002293	1002441	148
E00121:9:H00UWALXX:7:1101:19168:7339	1002330	1002442	112
E00125:9:H05MEALXX:7:1215:31176:33762	1002368	1002443	75
E00121:9:H00UWALXX:7:1106:20437:41779	1002391	1002446	55
E00170:22:H00WVALXX:1:2206:13048:60343	1002413	1002447	34
E00170:22:H00WVALXX:1:1212:31216:28839	1002364	1002449	85
E00170:22:H00WVALXX:1:1110:20569:44855	1002356	1002450	94
E00170:22:H00WVALXX:1:1104:5740:8411	1002407	1002451	44
E00170:22:H00WVALXX:1:1109:27846:10837	1002379	1002452	73
E00170:22:H00WVALXX:1:2212:18498:48090	1002365	1002453	88
E00170:22:H00WVALXX:1:1222:7699:30791	1002395	1002454	59
E00170:22:H00WVALXX:1:2102:19899:33991	1002396	1002455	59
E00125:9:H05MEALXX:7:1112:23807:62137	1002385	1002457	72
E00121:9:H00UWALXX:7:1116:14438:22352	1002376	1002459	83
E00125:9:H05MEALXX:7:2222:7760:18871	1002418	1002463	45
E00170:22:H00WVALXX:1:2107:29207:15162	1002419	1002464	45
E00170:22:H00WVALXX:1:2207:10216:68132	1002412	1002466	54
E00170:22:H00WVALXX:1:2215:19351:39651	1002373	1002472	99
E00170:22:H00WVALXX:1:1109:9140:43132	1002440	1002473	33
E00170:22:H00WVALXX:1:1201:11160:26202	1002432	1002474	42
E00170:22:H00WVALXX:1:1201:11160:26238	1002433	1002475	42
E00170:22:H00WVALXX:1:2224:17707:4526	1002462	1002476	14
E00121:9:H00UWALXX:7:1110:17179:50586	1002363	1002484	121
E00170:22:H00WVALXX:1:1217:16367:55860	1002380	1002485	105
E00170:22:H00WVALXX:1:1221:23248:48442	1002400	1002486	86
E00170:22:H00WVALXX:1:2211:31734:39370	1002326	1002489	163
E00125:9:H05MEALXX:7:1104:25421:54770	1002328	1002492	164
E00170:22:H00WVALXX:1:2102:8206:68448	1002382	1002493	111
E00170:22:H00WVALXX:1:2211:10084:39423	1002383	1002494	111
E00170:22:H00WVALXX:1:2120:10754:63086	1002437	1002495	58
E00121:9:H00UWALXX:7:1101:30506:13580	1002394	1002496	102
E00170:22:H00WVALXX:1:1116:17666:60959	1002425	1002497	72
E00125:9:H05MEALXX:7:2102:10591:62312	1002408	1002498	90
E00121:9:H00UWALXX:7:1101:30272:14125	1002393	1002500	107
E00125:9:H05MEALXX:7:1114:28516:8200	1002386	1002501	115
E00170:22:H00WVALXX:1:1219:20173:60449	1002467	1002504	37
E00170:22:H00WVALXX:1:1219:20183:60431	1002468	1002505	37
E00170:22:H00WVALXX:1:1121:6186:13650	1002421	1002508	87
E00125:9:H05MEALXX:7:2214:21127:54331	1002435	1002509	74
E00170:22:H00WVALXX:1:2119:5831:20489	1002430	1002514	84
E00170:22:H00WVALXX:1:1110:2959:22335	1002406	1002515	109
E00170:22:H00WVALXX:1:2207:26212:43449	1002389	1002516	127
E00125:9:H05MEALXX:7:2217:7709:41322	1002417	1002517	100
E00170:22:H00WVALXX:1:2213:30333:64018	1002397	1002522	125
E00170:22:H00WVALXX:1:2101:25248:7532	1002448	1002524	76
E00121:9:H00UWALXX:7:1104:19361:22405	1002465	1002526	61
E00170:22:H00WVALXX:1:2210:32282:41409	1002460	1002530	70
E00121:9:H00UWALXX:7:1107:26111:34553	1002456	1002531	75
E00125:9:H05MEALXX:7:2117:14783:15426	1002458	1002534	76
E00121:9:H00UWALXX:7:1108:30293:65705	1002439	1002535	96
E00170:22:H00WVALXX:1:1124:16296:30879	1002480	1002536	56
E00125:9:H05MEALXX:7:2114:4400:56230	1002477	1002537	60
E00170:22:H00WVALXX:1:2204:15636:13035	1002479	1002538	59
E00170:22:H00WVALXX:1:1208:29470:19100	1002375	1002539	164
E00121:9:H00UWALXX:7:1112:31764:58339	1002471	1002540	69
E00125:9:H05MEALXX:7:1224:4826:14810	1002510	1002541	31
E00170:22:H00WVALXX:1:1215:9353:54683	1002511	1002542	31
E00170:22:H00WVALXX:1:2118:24964:36012	1002512	1002543	31
E00170:22:H00WVALXX:1:1103:13281:24357	1002487	1002547	60
E00170:22:H00WVALXX:1:1112:14012:15953	1002392	1002548	156
E00170:22:H00WVALXX:1:1124:6866:2381	1002403	1002549	146
E00170:22:H00WVALXX:1:2106:2979:30598	1002410	1002550	140
E00170:22:H00WVALXX:1:2122:24142:60185	1002482	1002553	71
E00170:22:H00WVALXX:1:1203:17544:31283	1002429	1002555	126
E00170:22:H00WVALXX:1:1220:23847:56792	1002513	1002557	44
E00170:22:H00WVALXX:1:2120:29135:29525	1002431	1002561	130
E00170:22:H00WVALXX:1:1111:10805:9941	1002488	1002563	75
E00170:22:H00WVALXX:1:1224:30090:4913	1002478	1002564	86
E00125:9:H05MEALXX:7:1202:3253:2522	1002490	1002567	77
E00170:22:H00WVALXX:1:1223:20681:24304	1002445	1002568	123
E00121:9:H00UWALXX:7:1106:26172:34694	1002519	1002569	50
E00170:22:H00WVALXX:1:2215:3547:6829	1002503	1002574	71
E00170:22:H00WVALXX:1:1109:20143:10609	1002507	1002575	68
E00170:22:H00WVALXX:1:2216:13352:15443	1002444	1002576	132
E00170:22:H00WVALXX:1:2222:26354:9730	1002525	1002578	53
E00125:9:H05MEALXX:7:2208:14834:28839	1002527	1002581	54
E00170:22:H00WVALXX:1:1224:18102:39528	1002528	1002582	54
E00170:22:H00WVALXX:1:2213:2685:40917	1002529	1002583	54
E00170:22:H00WVALXX:1:1107:13261:72632	1002544	1002584	40
E00170:22:H00WVALXX:1:1122:3192:55087	1002545	1002585	40
E00170:22:H00WVALXX:1:2215:22518:66338	1002420	1002586	166
E00170:22:H00WVALXX:1:1112:22589:52925	1002483	1002592	109
E00125:9:H05MEALXX:7:1220:7090:26466	1002518	1002593	75
E00125:9:H05MEALXX:7:2202:24000:13668	1002546	1002595	49
E00125:9:H05MEALXX:7:1222:9607:42675	1002520	1002596	76
E00121:9:H00UWALXX:7:1104:20538:31898	1002469	1002597	128
E00170:22:H00WVALXX:1:1224:19452:5264	1002470	1002598	128
E00125:9:H05MEALXX:7:2217:29298:57337	1002502	1002599	97
E00170:22:H00WVALXX:1:1120:16955:44715	1002551	1002603	52
E00170:22:H00WVALXX:1:1102:21350:44380	1002523	1002604	81
E00121:9:H00UWALXX:7:1108:15758:64580	1002533	1002606	73
E00170:22:H00WVALXX:1:2219:21817:25675	1002506	1002607	101
E00121:9:H00UWALXX:7:1101:29623:43484	1002461	1002608	147
E00170:22:H00WVALXX:1:1214:14053:18766	1002491	1002609	118
E00170:22:H00WVALXX:1:1112:18996:32637	1002499	1002611	112
E00125:9:H05MEALXX:7:1110:9627:28119	1002559	1002612	53
E00170:22:H00WVALXX:1:1216:17615:24058	1002560	1002613	53
E00170:22:H00WVALXX:1:2221:27786:20999	1002434	1002614	180
E00125:9:H05MEALXX:7:2105:12195:14916	1002521	1002615	94
E00170:22:H00WVALXX:1:2208:16651:27732	1002558	1002620	62
E00125:9:H05MEALXX:7:1108:25380:27591	1002577	1002622	45
E00125:9:H05MEALXX:7:1214:12479:2961	1002571	1002623	52
E00125:9:H05MEALXX:7:1214:12500:2926	1002572	1002624	52
E00121:9:H00UWALXX:7:1102:4603:52432	1002565	1002625	60
E00170:22:H00WVALXX:1:1207:16357:23917	1002552	1002628	76
E00170:22:H00WVALXX:1:2123:29481:11874	1002481	1002629	148
E00121:9:H00UWALXX:7:1201:25918:58445	1002630	1002631	1
E00170:22:H00WVALXX:1:2205:3263:15584	1002587	1002633	46
E00170:22:H00WVALXX:1:1117:9658:51483	1002573	1002635	62
E00121:9:H00UWALXX:7:1114:1954:24146	1002580	1002636	56
E00121:9:H00UWALXX:7:1104:17493:15127	1002605	1002638	33
E00170:22:H00WVALXX:1:2210:2959:58128	1002594	1002639	45
E00121:9:H00UWALXX:7:1114:7658:5229	1002600	1002640	40
E00121:9:H00UWALXX:7:1114:7678:5229	1002601	1002641	40
E00121:9:H00UWALXX:7:1115:12134:14178	1002554	1002646	92
E00170:22:H00WVALXX:1:1117:28557:36926	1002532	1002647	115
E00170:22:H00WVALXX:1:1124:22751:16147	1002566	1002650	84
E00170:22:H00WVALXX:1:1203:32840:1590	1002590	1002652	62
E00121:9:H00UWALXX:7:1103:4633:56634	1002621	1002654	33
E00121:9:H00UWALXX:7:1105:20173:28558	1002610	1002657	47
E00170:22:H00WVALXX:1:1213:26710:58937	1002588	1002660	72
E00170:22:H00WVALXX:1:1213:26720:58884	1002589	1002661	72
E00125:9:H05MEALXX:7:2106:20000:65811	1002562	1002665	103
E00170:22:H00WVALXX:1:1109:14367:58023	1002579	1002666	87
E00170:22:H00WVALXX:1:2114:7323:41497	1002627	1002667	40
E00121:9:H00UWALXX:7:1113:25837:51166	1002570	1002672	102
E00170:22:H00WVALXX:1:2122:14682:9413	1002591	1002673	82
E00170:22:H00WVALXX:1:2105:28598:39599	1002626	1002676	50
E00125:9:H05MEALXX:7:2215:6674:66707	1002616	1002685	69
E00125:9:H05MEALXX:7:1205:13931:6671	1002602	1002687	85
E00170:22:H00WVALXX:1:2222:18163:36012	1002619	1002689	70
E00170:22:H00WVALXX:1:1206:22711:63473	1002642	1002692	50
E00170:22:H00WVALXX:1:1206:22782:63420	1002643	1002693	50
E00170:22:H00WVALXX:1:1112:23238:11857	1002649	1002696	47
E00125:9:H05MEALXX:7:1210:18021:66743	1002556	1002697	141
E00170:22:H00WVALXX:1:1205:25035:72175	1002632	1002698	66
E00170:22:H00WVALXX:1:2120:13616:38227	1002653	1002702	49
E00170:22:H00WVALXX:1:2210:17625:20946	1002617	1002709	92
E00121:9:H00UWALXX:7:1109:26070:52942	1002651	1002710	59
E00170:22:H00WVALXX:1:2210:31490:39651	1002686	1002712	26
E00125:9:H05MEALXX:7:1204:3354:11734	1002618	1002713	95
E00170:22:H00WVALXX:1:2123:22386:23284	1002634	1002716	82
E00170:22:H00WVALXX:1:1201:25309:44732	1002680	1002717	37
E00170:22:H00WVALXX:1:2224:14722:15074	1002663	1002719	56
E00121:9:H00UWALXX:7:1113:10429:64457	1002656	1002724	68
E00170:22:H00WVALXX:1:1117:16905:53804	1002669	1002725	56
E00121:9:H00UWALXX:7:1107:28719:73142	1002668	1002726	58
E00170:22:H00WVALXX:1:1216:3040:8763	1002729	1002730	1
E00170:22:H00WVALXX:1:2110:32678:67797	1002678	1002731	53
E00121:9:H00UWALXX:7:1114:8034:46596	1002648	1002732	84
E00121:9:H00UWALXX:7:1105:30191:28084	1002637	1002737	100
E00170:22:H00WVALXX:1:2110:27034:29929	1002644	1002738	94
E00125:9:H05MEALXX:7:1121:9901:33059	1002690	1002739	49
E00170:22:H00WVALXX:1:1122:27775:19118	1002658	1002743	85
E00170:22:H00WVALXX:1:1124:13850:38210	1002659	1002744	85
E00121:9:H00UWALXX:7:1119:4897:42113	1002681	1002745	64
E00170:22:H00WVALXX:1:1207:12286:7831	1002670	1002747	77
E00170:22:H00WVALXX:1:1224:26791:26413	1002671	1002748	77
E00125:9:H05MEALXX:7:2204:30749:39177	1002688	1002755	67
E00170:22:H00WVALXX:1:1112:21066:38649	1002664	1002756	92
E00170:22:H00WVALXX:1:2212:14682:29455	1002645	1002757	112
E00170:22:H00WVALXX:1:2107:21858:51096	1002683	1002758	75
E00170:22:H00WVALXX:1:2114:18397:11769	1002691	1002759	68
E00170:22:H00WVALXX:1:1109:32252:2399	1002694	1002760	66
E00170:22:H00WVALXX:1:1109:28719:54120	1002695	1002761	66
E00170:22:H00WVALXX:1:1209:23177:65618	1002708	1002762	54
E00170:22:H00WVALXX:1:1115:4968:36083	1002701	1002763	62
E00121:9:H00UWALXX:7:1101:21564:17043	1002674	1002764	90
E00121:9:H00UWALXX:7:1120:29105:53628	1002675	1002765	90
E00170:22:H00WVALXX:1:1218:25542:10679	1002682	1002766	84
E00170:22:H00WVALXX:1:2123:6207:62101	1002703	1002768	65
E00170:22:H00WVALXX:1:2208:28953:20489	1002679	1002769	90
E00170:22:H00WVALXX:1:2123:6511:60871	1002677	1002771	94
E00121:9:H00UWALXX:7:1114:16174:4051	1002718	1002773	55
E00170:22:H00WVALXX:1:1218:23076:4930	1002655	1002775	120
E00170:22:H00WVALXX:1:2221:9455:18889	1002706	1002780	74
E00170:22:H00WVALXX:1:2109:32800:63367	1002707	1002784	77
E00121:9:H00UWALXX:7:1115:9231:65828	1002704	1002786	82
E00170:22:H00WVALXX:1:2107:3568:30140	1002705	1002787	82
E00125:9:H05MEALXX:7:1112:10480:6460	1002720	1002788	68
E00125:9:H05MEALXX:7:1209:12378:2293	1002699	1002795	96
E00170:22:H00WVALXX:1:1215:26659:8499	1002700	1002796	96
E00125:9:H05MEALXX:7:1114:17686:64404	1002749	1002800	51
E00170:22:H00WVALXX:1:1103:2674:25886	1002714	1002801	87
E00170:22:H00WVALXX:1:1202:4471:52133	1002711	1002802	91
E00170:22:H00WVALXX:1:2222:9810:15531	1002751	1002807	56
E00170:22:H00WVALXX:1:1110:6379:47879	1002715	1002808	93
E00125:9:H05MEALXX:7:2212:6024:45822	1002662	1002814	152
E00170:22:H00WVALXX:1:1109:32718:65758	1002740	1002820	80
E00125:9:H05MEALXX:7:1123:19666:5423	1002752	1002821	69
E00170:22:H00WVALXX:1:1112:30993:38931	1002753	1002822	69
E00170:22:H00WVALXX:1:2224:21756:14810	1002723	1002823	100
E00125:9:H05MEALXX:7:2106:17808:56669	1002779	1002824	45
E00170:22:H00WVALXX:1:2114:32485:53786	1002741	1002831	90
E00170:22:H00WVALXX:1:1104:22579:56177	1002721	1002832	111
E00121:9:H00UWALXX:7:1102:30526:58726	1002781	1002833	52
E00125:9:H05MEALXX:7:2210:26872:18678	1002782	1002834	52
E00170:22:H00WVALXX:1:1124:21970:5194	1002783	1002835	52
E00170:22:H00WVALXX:1:2103:17493:36329	1002684	1002840	156
E00170:22:H00WVALXX:1:1221:32069:24726	1002811	1002841	30
E00170:22:H00WVALXX:1:2219:24111:42412	1002774	1002842	68
E00170:22:H00WVALXX:1:2117:19402:22686	1002746	1002848	102
E00170:22:H00WVALXX:1:1122:32170:54261	1002754	1002849	95
E00170:22:H00WVALXX:1:2215:22690:37348	1002736	1002852	116
E00170:22:H00WVALXX:1:2203:8978:43343	1002728	1002853	125
E00121:9:H00UWALXX:7:1122:28141:3436	1002727	1002856	129
E00121:9:H00UWALXX:7:1110:17321:70100	1002776	1002857	81
E00121:9:H00UWALXX:7:1112:20488:24532	1002777	1002858	81
E00170:22:H00WVALXX:1:2206:9241:31213	1002733	1002859	126
E00170:22:H00WVALXX:1:2217:4786:33410	1002851	1002860	9
E00170:22:H00WVALXX:1:1221:10815:44275	1002742	1002861	119
E00170:22:H00WVALXX:1:1122:24954:37858	1002750	1002862	112
E00170:22:H00WVALXX:1:1207:27562:36223	1002735	1002869	134
E00170:22:H00WVALXX:1:1123:32800:47334	1002767	1002870	103
E00121:9:H00UWALXX:7:1115:30516:49813	1002817	1002871	54
E00170:22:H00WVALXX:1:1210:9526:42816	1002818	1002872	54
E00170:22:H00WVALXX:1:1107:30485:37454	1002772	1002873	101
E00125:9:H05MEALXX:7:2218:17524:60256	1002785	1002875	90
E00125:9:H05MEALXX:7:2123:23989:25851	1002770	1002877	107
E00121:9:H00UWALXX:7:1104:23218:67833	1002793	1002879	86
E00170:22:H00WVALXX:1:2204:4014:67200	1002794	1002880	86
E00170:22:H00WVALXX:1:2104:24720:37173	1002791	1002881	90
E00170:22:H00WVALXX:1:2216:2228:22018	1002792	1002882	90
E00121:9:H00UWALXX:7:1102:14053:8077	1002865	1002883	18
E00125:9:H05MEALXX:7:2106:9952:18414	1002819	1002885	66
E00170:22:H00WVALXX:1:2224:24741:19768	1002734	1002886	152
E00125:9:H05MEALXX:7:1105:16286:45629	1002797	1002887	90
E00170:22:H00WVALXX:1:1123:10967:65319	1002798	1002888	90
E00170:22:H00WVALXX:1:1209:4024:64404	1002799	1002889	90
E00170:22:H00WVALXX:1:2114:21594:21667	1002722	1002890	168
E00170:22:H00WVALXX:1:1218:22426:73247	1002844	1002891	47
E00170:22:H00WVALXX:1:1218:22457:73265	1002845	1002892	47
E00170:22:H00WVALXX:1:2115:32708:62154	1002778	1002893	115
E00121:9:H00UWALXX:7:1102:9018:35010	1002816	1002895	79
E00170:22:H00WVALXX:1:1211:17250:50217	1002805	1002897	92
E00125:9:H05MEALXX:7:1209:17077:49953	1002812	1002899	87
E00170:22:H00WVALXX:1:2123:22974:66461	1002809	1002904	95
E00170:22:H00WVALXX:1:1105:29582:13808	1002815	1002906	91
E00121:9:H00UWALXX:7:1123:6674:11646	1002843	1002908	65
E00170:22:H00WVALXX:1:1202:10317:42183	1002804	1002909	105
E00170:22:H00WVALXX:1:2108:14712:5809	1002825	1002910	85
E00170:22:H00WVALXX:1:2108:14783:5792	1002826	1002911	85
E00170:22:H00WVALXX:1:2124:29541:42113	1002827	1002912	85
E00121:9:H00UWALXX:7:1121:17473:67094	1002863	1002913	50
E00170:22:H00WVALXX:1:2208:25289:57812	1002813	1002915	102
E00125:9:H05MEALXX:7:2107:23888:47158	1002839	1002919	80
E00125:9:H05MEALXX:7:1216:31795:29912	1002850	1002920	70
E00121:9:H00UWALXX:7:1114:23228:46719	1002803	1002925	122
E00170:22:H00WVALXX:1:2119:7770:38544	1002838	1002927	89
E00121:9:H00UWALXX:7:1122:11129:38948	1002789	1002928	139
E00170:22:H00WVALXX:1:2205:28131:50920	1002855	1002929	74
E00170:22:H00WVALXX:1:2215:28861:54120	1002847	1002930	83
E00170:22:H00WVALXX:1:1101:7323:16744	1002837	1002932	95
E00170:22:H00WVALXX:1:2111:31876:57478	1002868	1002933	65
E00170:22:H00WVALXX:1:2205:9444:14582	1002790	1002935	145
E00125:9:H05MEALXX:7:1205:16915:31424	1002876	1002936	60
E00170:22:H00WVALXX:1:2116:25816:68395	1002836	1002937	101
E00125:9:H05MEALXX:7:2115:9434:31230	1002898	1002938	40
E00170:22:H00WVALXX:1:1106:19787:35836	1002866	1002940	74
E00170:22:H00WVALXX:1:1104:6247:59816	1002828	1002944	116
E00170:22:H00WVALXX:1:2206:12073:68325	1002829	1002945	116
E00170:22:H00WVALXX:1:2217:23776:64615	1002830	1002946	116
E00121:9:H00UWALXX:7:1115:11566:50569	1002846	1002948	102
E00121:9:H00UWALXX:7:1113:25258:10785	1002878	1002949	71
E00170:22:H00WVALXX:1:1210:15200:14107	1002810	1002950	140
E00121:9:H00UWALXX:7:1116:31906:26730	1002806	1002952	146
E00125:9:H05MEALXX:7:1113:7384:19627	1002902	1002953	51
E00170:22:H00WVALXX:1:2213:18001:66145	1002903	1002954	51
E00170:22:H00WVALXX:1:2119:17361:16340	1002896	1002964	68
E00121:9:H00UWALXX:7:1102:23106:57337	1002907	1002966	59
E00170:22:H00WVALXX:1:1218:26953:4262	1002864	1002967	103
E00170:22:H00WVALXX:1:2212:6379:60009	1002926	1002971	45
E00170:22:H00WVALXX:1:1206:7810:50885	1002900	1002972	72
E00170:22:H00WVALXX:1:1120:11972:21702	1002884	1002973	89
E00121:9:H00UWALXX:7:1114:22761:4878	1002916	1002974	58
E00170:22:H00WVALXX:1:1111:10419:35502	1002874	1002978	104
E00121:9:H00UWALXX:7:1115:23502:23038	1002905	1002981	76
E00125:9:H05MEALXX:7:1123:13880:42376	1002867	1002982	115
E00170:22:H00WVALXX:1:2122:20082:25587	1002924	1002983	59
E00125:9:H05MEALXX:7:1113:23817:56564	1002914	1002985	71
E00125:9:H05MEALXX:7:1119:6613:60730	1002921	1002991	70
E00170:22:H00WVALXX:1:1223:24730:51641	1002931	1002992	61
E00125:9:H05MEALXX:7:1219:28902:15408	1002923	1002995	72
E00170:22:H00WVALXX:1:2211:19706:72368	1002951	1002996	45
E00125:9:H05MEALXX:7:2217:30150:31213	1002934	1003000	66
E00170:22:H00WVALXX:1:1220:9516:42728	1002901	1003002	101
E00170:22:H00WVALXX:1:1219:28628:31881	1002979	1003005	26
E00121:9:H00UWALXX:7:1114:10531:54225	1002975	1003007	32
E00125:9:H05MEALXX:7:1113:18793:52362	1002917	1003008	91
E00170:22:H00WVALXX:1:2121:8257:34114	1002943	1003009	66
E00121:9:H00UWALXX:7:1107:24923:66883	1002894	1003010	116
E00170:22:H00WVALXX:1:1120:24558:23565	1002957	1003012	55
E00170:22:H00WVALXX:1:2205:25035:4913	1002854	1003013	159
E00125:9:H05MEALXX:7:1217:18448:29015	1002942	1003015	73
E00125:9:H05MEALXX:7:2216:5384:24216	1002922	1003018	96
E00121:9:H00UWALXX:7:1122:15291:59658	1002958	1003020	62
E00170:22:H00WVALXX:1:1105:22416:25025	1002959	1003021	62
E00170:22:H00WVALXX:1:1105:22436:25025	1002960	1003022	62
E00170:22:H00WVALXX:1:1121:13494:63508	1002970	1003023	53
E00121:9:H00UWALXX:7:1109:28780:2082	1002955	1003024	69
E00170:22:H00WVALXX:1:1112:11332:46086	1002956	1003025	69
E00121:9:H00UWALXX:7:1110:23563:60449	1002986	1003028	42
E00125:9:H05MEALXX:7:1114:8663:42306	1002987	1003029	42
E00125:9:H05MEALXX:7:1114:9170:41884	1002988	1003030	42
E00170:22:H00WVALXX:1:1120:24294:66707	1002947	1003031	84
E00170:22:H00WVALXX:1:2117:22457:40987	1002918	1003032	114
E00170:22:H00WVALXX:1:2117:31764:33551	1002961	1003035	74
E00170:22:H00WVALXX:1:2208:29278:9695	1002963	1003036	73
E00125:9:H05MEALXX:7:2210:5953:13562	1002968	1003037	69
E00125:9:H05MEALXX:7:1211:4958:71683	1002990	1003039	49
E00125:9:H05MEALXX:7:1213:3923:71929	1002980	1003040	60
E00170:22:H00WVALXX:1:2217:29663:48160	1002939	1003041	102
E00125:9:H05MEALXX:7:1218:29755:38333	1002965	1003042	77
E00170:22:H00WVALXX:1:2212:26669:42201	1002941	1003043	102
E00170:22:H00WVALXX:1:2117:31805:33551	1002962	1003059	97
E00170:22:H00WVALXX:1:2201:16529:72386	1002989	1003060	71
E00170:22:H00WVALXX:1:2221:6542:45031	1003004	1003062	58
E00170:22:H00WVALXX:1:1109:19544:17905	1003051	1003066	15
E00170:22:H00WVALXX:1:2201:27187:66338	1002984	1003067	83
E00121:9:H00UWALXX:7:1106:4248:62541	1003003	1003068	65
E00170:22:H00WVALXX:1:1223:30435:2311	1003052	1003077	25
E00170:22:H00WVALXX:1:2213:22690:56687	1002999	1003078	79
E00170:22:H00WVALXX:1:2104:26953:52221	1002977	1003080	103
E00170:22:H00WVALXX:1:1121:23472:33639	1002969	1003081	112
E00170:22:H00WVALXX:1:2212:31886:72579	1003055	1003082	27
E00170:22:H00WVALXX:1:1107:32231:27257	1002997	1003091	94
E00170:22:H00WVALXX:1:2203:31673:20102	1003027	1003092	65
E00121:9:H00UWALXX:7:1116:25167:34993	1003094	1003097	3
E00170:22:H00WVALXX:1:2204:19625:65547	1003095	1003098	3
E00170:22:H00WVALXX:1:2204:19858:65143	1003096	1003099	3
E00125:9:H05MEALXX:7:1210:7120:1836	1003063	1003100	37
E00170:22:H00WVALXX:1:2114:3243:51588	1002998	1003101	103
E00125:9:H05MEALXX:7:1208:12347:53716	1003064	1003102	38
E00170:22:H00WVALXX:1:1104:11545:36891	1003049	1003103	54
E00170:22:H00WVALXX:1:2106:24223:39159	1003019	1003106	87
E00170:22:H00WVALXX:1:2223:22081:39599	1003057	1003108	51
E00125:9:H05MEALXX:7:1112:7303:32004	1003069	1003113	44
E00170:22:H00WVALXX:1:1106:4552:44539	1003070	1003114	44
E00125:9:H05MEALXX:7:2209:23056:65723	1002976	1003117	141
E00121:9:H00UWALXX:7:1124:14418:15707	1003014	1003118	104
E00170:22:H00WVALXX:1:1114:8094:71665	1003033	1003119	86
E00170:22:H00WVALXX:1:1117:14124:61433	1003065	1003120	55
E00121:9:H00UWALXX:7:1108:30303:18678	1003017	1003124	107
E00170:22:H00WVALXX:1:2219:17402:22106	1003006	1003125	119
E00121:9:H00UWALXX:7:1116:3568:66180	1003045	1003129	84
E00170:22:H00WVALXX:1:2122:8846:28664	1003054	1003130	76
E00121:9:H00UWALXX:7:1122:12845:22581	1003046	1003131	85
E00121:9:H00UWALXX:7:1121:1832:68378	1002993	1003132	139
E00125:9:H05MEALXX:7:2115:9678:16287	1003084	1003133	49
E00125:9:H05MEALXX:7:2122:8683:33164	1003016	1003134	118
E00170:22:H00WVALXX:1:2221:19077:49830	1003086	1003135	49
E00170:22:H00WVALXX:1:2221:19199:50006	1003087	1003136	49
E00121:9:H00UWALXX:7:1119:6065:56265	1003011	1003138	127
E00121:9:H00UWALXX:7:1109:3750:69731	1003075	1003139	64
E00125:9:H05MEALXX:7:1111:12662:37770	1003047	1003144	97
E00170:22:H00WVALXX:1:2105:10541:66057	1003053	1003146	93
E00121:9:H00UWALXX:7:1114:22102:21174	1003044	1003147	103
E00170:22:H00WVALXX:1:1112:3334:14441	1003001	1003148	147
E00170:22:H00WVALXX:1:2220:20549:64088	1002994	1003150	156
E00170:22:H00WVALXX:1:2216:31500:38298	1003079	1003152	73
E00170:22:H00WVALXX:1:1214:19128:6354	1003110	1003154	44
E00170:22:H00WVALXX:1:1214:19178:6372	1003111	1003155	44
E00170:22:H00WVALXX:1:2103:28313:32953	1003112	1003156	44
E00121:9:H00UWALXX:7:1109:4298:70399	1003038	1003158	120
E00170:22:H00WVALXX:1:2118:21097:17324	1003026	1003160	134
E00125:9:H05MEALXX:7:2112:12205:47422	1003071	1003161	90
E00170:22:H00WVALXX:1:2117:27846:59675	1003074	1003162	88
E00121:9:H00UWALXX:7:1106:21158:26607	1003123	1003163	40
E00170:22:H00WVALXX:1:1219:17778:60379	1003090	1003167	77
E00170:22:H00WVALXX:1:1119:9018:38456	1003073	1003168	95
E00170:22:H00WVALXX:1:2212:21675:15900	1003072	1003169	97
E00170:22:H00WVALXX:1:2114:25664:72175	1003083	1003170	87
E00125:9:H05MEALXX:7:1110:15250:64721	1003105	1003172	67
E00170:22:H00WVALXX:1:1101:29633:25394	1003034	1003173	139
E00170:22:H00WVALXX:1:1212:15890:30492	1003115	1003175	60
E00170:22:H00WVALXX:1:1212:16052:30492	1003116	1003176	60
E00125:9:H05MEALXX:7:2121:8704:14424	1003048	1003178	130
E00170:22:H00WVALXX:1:1201:6846:33463	1003088	1003179	91
E00170:22:H00WVALXX:1:1124:14296:53962	1003089	1003180	91
E00170:22:H00WVALXX:1:1206:14570:36645	1003121	1003181	60
E00170:22:H00WVALXX:1:2106:11129:60045	1003122	1003182	60
E00170:22:H00WVALXX:1:2222:20122:17817	1003056	1003186	130
E00121:9:H00UWALXX:7:1116:17656:53135	1003149	1003189	40
E00170:22:H00WVALXX:1:1108:28567:53188	1003050	1003190	140
E00170:22:H00WVALXX:1:1223:29663:13211	1003085	1003192	107
E00170:22:H00WVALXX:1:1204:15169:13422	1003109	1003193	84
E00170:22:H00WVALXX:1:1222:25278:65881	1003142	1003194	52
E00125:9:H05MEALXX:7:1212:14733:14846	1003143	1003196	53
E00170:22:H00WVALXX:1:2207:5202:32338	1003151	1003202	51
E00125:9:H05MEALXX:7:2206:19046:13633	1003159	1003203	44
E00125:9:H05MEALXX:7:2104:17392:56827	1003164	1003205	41
E00170:22:H00WVALXX:1:1109:16783:43572	1003127	1003206	79
E00170:22:H00WVALXX:1:1120:18153:48969	1003128	1003207	79
E00121:9:H00UWALXX:7:1123:13941:69098	1003201	1003218	17
E00121:9:H00UWALXX:7:1104:2299:13316	1003140	1003219	79
E00121:9:H00UWALXX:7:1115:18701:2803	1003104	1003224	120
E00170:22:H00WVALXX:1:2207:9790:29455	1003166	1003225	59
E00170:22:H00WVALXX:1:2222:21015:26958	1003107	1003226	119
E00125:9:H05MEALXX:7:2122:23147:60853	1003165	1003227	62
E00170:22:H00WVALXX:1:1117:6694:43994	1003141	1003231	90
E00121:9:H00UWALXX:7:1115:27999:27662	1003200	1003232	32
E00125:9:H05MEALXX:7:2204:2938:42658	1003076	1003237	161
E00121:9:H00UWALXX:7:1104:19808:33024	1003093	1003239	146
E00125:9:H05MEALXX:7:1122:28293:27222	1003183	1003240	57
E00125:9:H05MEALXX:7:1122:28334:27292	1003184	1003241	57
E00170:22:H00WVALXX:1:2224:6176:15391	1003185	1003242	57
E00170:22:H00WVALXX:1:1121:17331:67305	1003137	1003243	106
E00170:22:H00WVALXX:1:2218:10967:40214	1003171	1003245	74
E00170:22:H00WVALXX:1:1223:15697:2768	1003174	1003247	73
E00125:9:H05MEALXX:7:1120:12144:60924	1003145	1003256	111
E00121:9:H00UWALXX:7:1102:7557:54349	1003208	1003260	52
E00170:22:H00WVALXX:1:1224:20985:34606	1003209	1003261	52
E00170:22:H00WVALXX:1:2105:22030:5264	1003187	1003262	75
E00170:22:H00WVALXX:1:2208:15920:32232	1003188	1003263	75
E00125:9:H05MEALXX:7:2120:24609:12261	1003153	1003265	112
E00170:22:H00WVALXX:1:1224:12023:71753	1003198	1003266	68
E00170:22:H00WVALXX:1:2105:10033:62365	1003199	1003267	68
E00121:9:H00UWALXX:7:1116:6826:17852	1003221	1003269	48
E00121:9:H00UWALXX:7:1116:6846:17852	1003222	1003270	48
E00170:22:H00WVALXX:1:2224:29328:7321	1003215	1003272	57
E00170:22:H00WVALXX:1:2110:24943:57742	1003210	1003274	64
E00170:22:H00WVALXX:1:2110:25268:57812	1003211	1003275	64
E00170:22:H00WVALXX:1:1108:22812:37067	1003191	1003284	93
E00170:22:H00WVALXX:1:1201:29978:27433	1003252	1003285	33
E00170:22:H00WVALXX:1:1201:29988:27451	1003253	1003286	33
E00170:22:H00WVALXX:1:1201:30303:27328	1003254	1003287	33
E00170:22:H00WVALXX:1:1221:22497:14933	1003177	1003288	111
E00170:22:H00WVALXX:1:2121:4268:53575	1003213	1003290	77
E00170:22:H00WVALXX:1:1220:22274:21087	1003157	1003292	135
E00121:9:H00UWALXX:7:1102:15605:66813	1003229	1003294	65
E00170:22:H00WVALXX:1:1109:2847:66268	1003230	1003295	65
E00170:22:H00WVALXX:1:1116:10023:17623	1003126	1003296	170
E00125:9:H05MEALXX:7:1204:24101:31775	1003212	1003297	85
E00125:9:H05MEALXX:7:2105:14306:20577	1003204	1003302	98
E00125:9:H05MEALXX:7:1122:21381:35924	1003220	1003304	84
E00125:9:H05MEALXX:7:1106:31338:2399	1003238	1003305	67
E00125:9:H05MEALXX:7:1216:8247:65741	1003197	1003307	110
E00121:9:H00UWALXX:7:1107:25380:59693	1003217	1003308	91
E00121:9:H00UWALXX:7:1122:20092:40478	1003258	1003314	56
E00121:9:H00UWALXX:7:1122:20092:40548	1003259	1003315	56
E00125:9:H05MEALXX:7:1109:8237:6266	1003214	1003318	104
E00170:22:H00WVALXX:1:1216:14276:12156	1003257	1003321	64
E00170:22:H00WVALXX:1:2115:14479:4491	1003235	1003324	89
E00170:22:H00WVALXX:1:2117:17473:8622	1003236	1003325	89
E00121:9:H00UWALXX:7:1123:7536:34623	1003233	1003326	93
E00125:9:H05MEALXX:7:1205:15149:54981	1003299	1003327	28
E00170:22:H00WVALXX:1:1210:16895:65565	1003234	1003328	94
E00170:22:H00WVALXX:1:1210:7800:17184	1003301	1003329	28
E00170:22:H00WVALXX:1:1113:8267:46332	1003279	1003340	61
E00121:9:H00UWALXX:7:1122:3162:55386	1003249	1003343	94
E00125:9:H05MEALXX:7:2120:14205:13263	1003300	1003345	45
E00125:9:H05MEALXX:7:2119:12276:53346	1003216	1003348	132
E00170:22:H00WVALXX:1:2113:22264:3137	1003223	1003349	126
E00121:9:H00UWALXX:7:1117:15829:6512	1003250	1003351	101
E00170:22:H00WVALXX:1:1210:11637:17360	1003273	1003352	79
E00170:22:H00WVALXX:1:2120:8683:34606	1003278	1003357	79
E00121:9:H00UWALXX:7:1117:23959:28998	1003268	1003358	90
E00170:22:H00WVALXX:1:1106:8166:23407	1003298	1003362	64
E00170:22:H00WVALXX:1:2203:2715:62980	1003195	1003363	168
E00170:22:H00WVALXX:1:2107:4014:39669	1003246	1003364	118
E00125:9:H05MEALXX:7:2116:16022:23056	1003255	1003366	111
E00170:22:H00WVALXX:1:1206:17016:47598	1003306	1003368	62
E00170:22:H00WVALXX:1:1223:16367:71085	1003271	1003369	98
E00121:9:H00UWALXX:7:1102:10926:5194	1003264	1003370	106
E00170:22:H00WVALXX:1:2221:12033:33832	1003281	1003371	90
E00125:9:H05MEALXX:7:2218:27887:70118	1003320	1003372	52
E00170:22:H00WVALXX:1:1112:24050:26132	1003293	1003376	83
E00170:22:H00WVALXX:1:1222:21371:41568	1003248	1003380	132
E00170:22:H00WVALXX:1:1111:15260:28910	1003228	1003381	153
E00170:22:H00WVALXX:1:1113:13017:34061	1003283	1003382	99
E00121:9:H00UWALXX:7:1113:9211:69661	1003346	1003385	39
E00170:22:H00WVALXX:1:1219:14347:9220	1003251	1003386	135
E00170:22:H00WVALXX:1:1213:13271:51202	1003309	1003387	78
E00125:9:H05MEALXX:7:2109:19625:28242	1003282	1003388	106
E00170:22:H00WVALXX:1:1203:28100:31564	1003311	1003389	78
E00170:22:H00WVALXX:1:1115:22690:27679	1003317	1003394	77
E00170:22:H00WVALXX:1:1120:30546:68325	1003323	1003395	72
E00170:22:H00WVALXX:1:2115:31815:4139	1003244	1003397	153
E00170:22:H00WVALXX:1:1216:13332:3875	1003303	1003398	95
E00125:9:H05MEALXX:7:1201:3791:29402	1003291	1003401	110
E00125:9:H05MEALXX:7:1204:23380:16393	1003277	1003402	125
E00121:9:H00UWALXX:7:1118:23056:19065	1003338	1003404	66
E00170:22:H00WVALXX:1:2202:15423:56511	1003313	1003405	92
E00121:9:H00UWALXX:7:1109:11089:21719	1003316	1003406	90
E00170:22:H00WVALXX:1:2212:31023:66971	1003280	1003412	132
E00125:9:H05MEALXX:7:2222:28395:23319	1003312	1003414	102
E00170:22:H00WVALXX:1:1121:29816:7673	1003330	1003415	85
E00170:22:H00WVALXX:1:1121:29826:7655	1003331	1003416	85
E00170:22:H00WVALXX:1:1121:6785:46578	1003310	1003417	107
E00170:22:H00WVALXX:1:2114:31977:9905	1003336	1003419	83
E00125:9:H05MEALXX:7:1105:15981:24427	1003337	1003420	83
E00121:9:H00UWALXX:7:1103:9049:37102	1003341	1003421	80
E00121:9:H00UWALXX:7:1119:14875:49022	1003289	1003422	133
E00125:9:H05MEALXX:7:1120:9252:17483	1003342	1003423	81
E00170:22:H00WVALXX:1:1216:31338:14353	1003333	1003426	93
E00170:22:H00WVALXX:1:1216:31460:14213	1003334	1003427	93
E00170:22:H00WVALXX:1:2211:31998:48055	1003335	1003428	93
E00170:22:H00WVALXX:1:2106:2786:53891	1003276	1003429	153
E00125:9:H05MEALXX:7:2212:6460:56107	1003353	1003430	77
E00170:22:H00WVALXX:1:2223:13555:41849	1003356	1003431	75
E00170:22:H00WVALXX:1:1203:16062:32408	1003344	1003434	90
E00121:9:H00UWALXX:7:1105:8896:66514	1003367	1003435	68
E00170:22:H00WVALXX:1:2105:31521:24655	1003359	1003437	78
E00170:22:H00WVALXX:1:2217:22934:27292	1003339	1003438	99
E00170:22:H00WVALXX:1:2113:3253:69995	1003365	1003442	77
E00170:22:H00WVALXX:1:1218:17849:8394	1003332	1003445	113
E00170:22:H00WVALXX:1:1203:19148:49532	1003378	1003447	69
E00170:22:H00WVALXX:1:2214:5567:37471	1003379	1003448	69
E00170:22:H00WVALXX:1:1114:22183:72404	1003322	1003451	129
E00121:9:H00UWALXX:7:1110:22883:49215	1003383	1003453	70
E00170:22:H00WVALXX:1:1211:12489:42394	1003347	1003456	109
E00170:22:H00WVALXX:1:2120:5029:20225	1003377	1003457	80
E00170:22:H00WVALXX:1:1207:26293:11488	1003354	1003458	104
E00170:22:H00WVALXX:1:1209:7313:11628	1003355	1003459	104
E00121:9:H00UWALXX:7:1110:17798:69731	1003350	1003460	110
E00170:22:H00WVALXX:1:2103:29866:31600	1003360	1003464	104
E00170:22:H00WVALXX:1:1212:28374:2293	1003374	1003470	96
E00121:9:H00UWALXX:7:1201:20366:72667	1003472	1003473	1
E00170:22:H00WVALXX:1:2102:16803:48354	1003467	1003477	10
E00170:22:H00WVALXX:1:2218:2847:15602	1003468	1003478	10
E00121:9:H00UWALXX:7:1121:6065:35520	1003391	1003479	88
E00170:22:H00WVALXX:1:1119:8105:67499	1003392	1003480	88
E00121:9:H00UWALXX:7:1111:29511:24198	1003390	1003484	94
E00170:22:H00WVALXX:1:1112:12652:43695	1003361	1003485	124
E00170:22:H00WVALXX:1:1108:13241:2768	1003384	1003486	102
E00170:22:H00WVALXX:1:2202:13860:71735	1003409	1003487	78
E00170:22:H00WVALXX:1:2202:13921:71665	1003410	1003488	78
E00170:22:H00WVALXX:1:2202:13931:71648	1003411	1003489	78
E00170:22:H00WVALXX:1:1212:12621:48213	1003424	1003490	66
E00170:22:H00WVALXX:1:2117:25593:57284	1003425	1003491	66
E00170:22:H00WVALXX:1:1212:12642:34149	1003319	1003498	179
E00170:22:H00WVALXX:1:2213:20894:44363	1003400	1003500	100
E00125:9:H05MEALXX:7:2113:29826:22915	1003399	1003502	103
E00121:9:H00UWALXX:7:1101:19381:72931	1003454	1003503	49
E00125:9:H05MEALXX:7:2119:24700:23108	1003413	1003504	91
E00170:22:H00WVALXX:1:1105:2613:49373	1003375	1003506	131
E00170:22:H00WVALXX:1:2212:22711:67235	1003440	1003507	67
E00125:9:H05MEALXX:7:1214:6349:43783	1003433	1003508	75
E00121:9:H00UWALXX:7:1124:9536:39212	1003462	1003509	47
E00125:9:H05MEALXX:7:2118:24507:10679	1003446	1003510	64
E00125:9:H05MEALXX:7:2211:12104:61908	1003496	1003512	16
E00170:22:H00WVALXX:1:2109:31125:58251	1003396	1003514	118
E00121:9:H00UWALXX:7:1105:29572:60062	1003403	1003516	113
E00170:22:H00WVALXX:1:2105:18336:30932	1003373	1003518	145
E00125:9:H05MEALXX:7:1116:2827:30510	1003443	1003520	77
E00121:9:H00UWALXX:7:1117:25400:27873	1003497	1003521	24
E00170:22:H00WVALXX:1:1115:8744:30984	1003441	1003523	82
E00125:9:H05MEALXX:7:2118:9191:54401	1003393	1003526	133
E00121:9:H00UWALXX:7:1121:4928:34465	1003527	1003528	1
E00121:9:H00UWALXX:7:1107:31450:5757	1003482	1003529	47
E00125:9:H05MEALXX:7:1106:18458:10327	1003483	1003530	47
E00121:9:H00UWALXX:7:1105:7465:41743	1003463	1003532	69
E00121:9:H00UWALXX:7:1117:10855:47229	1003533	1003534	1
E00170:22:H00WVALXX:1:2216:28608:50340	1003455	1003540	85
E00170:22:H00WVALXX:1:2107:19026:36100	1003444	1003542	98
E00170:22:H00WVALXX:1:2106:20000:54278	1003474	1003544	70
E00121:9:H00UWALXX:7:1103:1893:17676	1003493	1003545	52
E00121:9:H00UWALXX:7:1103:2015:19047	1003494	1003546	52
E00170:22:H00WVALXX:1:1121:18793:22722	1003469	1003547	78
E00125:9:H05MEALXX:7:2203:30232:33885	1003452	1003548	96
E00170:22:H00WVALXX:1:2109:24822:55984	1003449	1003551	102
E00170:22:H00WVALXX:1:2114:12266:14406	1003450	1003552	102
E00170:22:H00WVALXX:1:2201:15900:10609	1003465	1003555	90
E00170:22:H00WVALXX:1:2218:13981:60590	1003408	1003556	148
E00121:9:H00UWALXX:7:1104:22376:3647	1003466	1003557	91
E00170:22:H00WVALXX:1:2120:29115:53927	1003418	1003558	140
E00121:9:H00UWALXX:7:1118:17087:35309	1003439	1003559	120
E00170:22:H00WVALXX:1:1111:16113:49549	1003519	1003562	43
E00125:9:H05MEALXX:7:1212:23837:64264	1003513	1003563	50
E00170:22:H00WVALXX:1:2213:26821:42570	1003541	1003565	24
E00125:9:H05MEALXX:7:1201:8653:31143	1003432	1003566	134
E00125:9:H05MEALXX:7:2120:5983:18854	1003436	1003567	131
E00170:22:H00WVALXX:1:1209:24801:31336	1003499	1003568	69
E00170:22:H00WVALXX:1:1209:11545:20084	1003407	1003572	165
E00170:22:H00WVALXX:1:1119:29278:34342	1003475	1003573	98
E00170:22:H00WVALXX:1:1108:29267:14178	1003471	1003576	105
E00170:22:H00WVALXX:1:1102:28090:40021	1003525	1003577	52
E00170:22:H00WVALXX:1:1115:30678:58568	1003495	1003579	84
E00170:22:H00WVALXX:1:1209:30952:19698	1003550	1003582	32
E00121:9:H00UWALXX:7:1121:5354:66180	1003481	1003586	105
E00170:22:H00WVALXX:1:1215:15595:41445	1003515	1003587	72
E00170:22:H00WVALXX:1:2108:5456:31441	1003476	1003588	112
E00170:22:H00WVALXX:1:2106:18143:20401	1003501	1003594	93
E00170:22:H00WVALXX:1:1201:8876:61803	1003522	1003595	73
E00170:22:H00WVALXX:1:1217:24862:48494	1003492	1003596	104
E00125:9:H05MEALXX:7:2201:17615:71419	1003505	1003597	92
E00170:22:H00WVALXX:1:2219:30120:38860	1003511	1003600	89
E00170:22:H00WVALXX:1:1224:7546:30773	1003602	1003603	1
E00170:22:H00WVALXX:1:2221:20214:57636	1003461	1003604	143
E00125:9:H05MEALXX:7:1221:29592:39528	1003536	1003605	69
E00170:22:H00WVALXX:1:2204:22538:37401	1003537	1003609	72
E00170:22:H00WVALXX:1:2204:22822:36311	1003538	1003610	72
E00125:9:H05MEALXX:7:2203:30861:37753	1003543	1003618	75
E00170:22:H00WVALXX:1:1108:9617:28488	1003549	1003622	73
E00170:22:H00WVALXX:1:1213:7719:16656	1003561	1003623	62
E00170:22:H00WVALXX:1:2203:10591:8095	1003535	1003625	90
E00121:9:H00UWALXX:7:1117:12845:21491	1003589	1003627	38
E00170:22:H00WVALXX:1:1223:12632:55403	1003524	1003630	106
E00170:22:H00WVALXX:1:2117:31825:1836	1003554	1003631	77
E00170:22:H00WVALXX:1:2121:9079:31283	1003517	1003633	116
E00170:22:H00WVALXX:1:1107:6755:21596	1003564	1003634	70
E00121:9:H00UWALXX:7:1111:22619:53118	1003571	1003640	69
E00121:9:H00UWALXX:7:1122:26486:69239	1003583	1003641	58
E00121:9:H00UWALXX:7:1122:26568:69450	1003584	1003642	58
E00170:22:H00WVALXX:1:1208:23533:20067	1003553	1003645	92
E00170:22:H00WVALXX:1:1107:5303:68342	1003580	1003648	68
E00170:22:H00WVALXX:1:2209:21320:68975	1003560	1003651	91
E00170:22:H00WVALXX:1:2101:27583:25886	1003598	1003652	54
E00121:9:H00UWALXX:7:1109:9597:39880	1003611	1003656	45
E00170:22:H00WVALXX:1:2123:9079:47527	1003581	1003659	78
E00170:22:H00WVALXX:1:2210:15869:52432	1003608	1003660	52
E00170:22:H00WVALXX:1:1208:12764:6055	1003574	1003663	89
E00170:22:H00WVALXX:1:1109:31856:47352	1003585	1003668	83
E00121:9:H00UWALXX:7:1123:23188:16410	1003590	1003669	79
E00125:9:H05MEALXX:7:2116:4400:33762	1003646	1003671	25
E00170:22:H00WVALXX:1:2215:32871:2662	1003647	1003672	25
E00121:9:H00UWALXX:7:1109:10114:68167	1003612	1003673	61
E00170:22:H00WVALXX:1:2122:26050:43027	1003606	1003675	69
E00170:22:H00WVALXX:1:2220:17940:43712	1003539	1003676	137
E00170:22:H00WVALXX:1:2104:14215:55157	1003592	1003679	87
E00170:22:H00WVALXX:1:2217:3425:44767	1003593	1003680	87
E00170:22:H00WVALXX:1:1121:2380:25060	1003615	1003681	66
E00170:22:H00WVALXX:1:1211:17087:28382	1003619	1003682	63
E00170:22:H00WVALXX:1:1221:10013:40601	1003620	1003683	63
E00121:9:H00UWALXX:7:1105:5902:73423	1003628	1003684	56
E00170:22:H00WVALXX:1:1118:25075:31529	1003617	1003685	68
E00170:22:H00WVALXX:1:2214:24538:6583	1003613	1003686	73
E00170:22:H00WVALXX:1:2214:24568:6565	1003614	1003687	73
E00121:9:H00UWALXX:7:1108:32526:11945	1003637	1003688	51
E00170:22:H00WVALXX:1:2208:20417:27433	1003621	1003689	68
E00170:22:H00WVALXX:1:1217:19016:14424	1003616	1003690	74
E00170:22:H00WVALXX:1:2120:10612:61187	1003531	1003692	161
E00121:9:H00UWALXX:7:1109:5374:31652	1003650	1003693	43
E00121:9:H00UWALXX:7:1108:4217:39985	1003654	1003694	40
E00121:9:H00UWALXX:7:1123:25238:11874	1003607	1003695	88
E00170:22:H00WVALXX:1:2211:30820:69819	1003575	1003697	122
E00125:9:H05MEALXX:7:2215:13038:9589	1003624	1003699	75
E00170:22:H00WVALXX:1:2220:31247:15848	1003649	1003700	51
E00170:22:H00WVALXX:1:2211:7059:53979	1003639	1003701	62
E00170:22:H00WVALXX:1:2216:8409:23056	1003632	1003704	72
E00170:22:H00WVALXX:1:2122:4319:60730	1003636	1003706	70
E00170:22:H00WVALXX:1:1214:15128:44117	1003655	1003709	54
E00125:9:H05MEALXX:7:2102:23817:52274	1003643	1003712	69
E00170:22:H00WVALXX:1:2212:29785:11558	1003601	1003716	115
E00170:22:H00WVALXX:1:1110:24213:69169	1003657	1003717	60
E00170:22:H00WVALXX:1:1110:24223:69151	1003658	1003718	60
E00125:9:H05MEALXX:7:2102:7922:48231	1003662	1003719	57
E00170:22:H00WVALXX:1:1122:3649:60976	1003661	1003720	59
E00170:22:H00WVALXX:1:2112:4867:3278	1003635	1003722	87
E00125:9:H05MEALXX:7:2213:20944:55878	1003629	1003723	94
E00125:9:H05MEALXX:7:2115:17859:48143	1003698	1003725	27
E00170:22:H00WVALXX:1:2220:9252:52678	1003599	1003726	127
E00170:22:H00WVALXX:1:1218:26263:13298	1003638	1003727	89
E00170:22:H00WVALXX:1:1205:22629:45822	1003677	1003728	51
E00125:9:H05MEALXX:7:2204:5506:42077	1003670	1003730	60
E00121:9:H00UWALXX:7:1107:22020:57109	1003691	1003732	41
E00121:9:H00UWALXX:7:1110:29856:27609	1003664	1003737	73
E00121:9:H00UWALXX:7:1110:22162:70716	1003733	1003738	5
E00170:22:H00WVALXX:1:1121:11444:49338	1003653	1003742	89
E00121:9:H00UWALXX:7:1102:6653:28910	1003721	1003743	22
E00170:22:H00WVALXX:1:2110:18985:58251	1003729	1003744	15
E00170:22:H00WVALXX:1:2224:14804:22915	1003678	1003748	70
E00170:22:H00WVALXX:1:1206:9840:6688	1003644	1003755	111
E00170:22:H00WVALXX:1:2113:2350:63649	1003702	1003756	54
E00170:22:H00WVALXX:1:1102:5476:45822	1003715	1003757	42
E00170:22:H00WVALXX:1:2120:24893:37858	1003711	1003759	48
E00121:9:H00UWALXX:7:1111:19970:69626	1003731	1003765	34
E00170:22:H00WVALXX:1:2203:17321:69186	1003696	1003768	72
E00170:22:H00WVALXX:1:2107:26141:63613	1003708	1003769	61
E00170:22:H00WVALXX:1:2220:25603:61662	1003703	1003775	72
E00121:9:H00UWALXX:7:1107:29876:20682	1003735	1003776	41
E00170:22:H00WVALXX:1:2208:12449:43273	1003674	1003778	104
E00170:22:H00WVALXX:1:2120:12916:48582	1003736	1003779	43
E00121:9:H00UWALXX:7:1103:17575:41919	1003707	1003780	73
E00121:9:H00UWALXX:7:2101:14022:54542	1003714	1003781	67
E00125:9:H05MEALXX:7:2105:5435:19522	1003724	1003785	61
E00121:9:H00UWALXX:7:1116:31145:25095	1003754	1003786	32
E00125:9:H05MEALXX:7:1201:16519:5317	1003710	1003787	77
E00170:22:H00WVALXX:1:1205:9668:28646	1003740	1003788	48
E00170:22:H00WVALXX:1:2220:21696:6864	1003741	1003789	48
E00125:9:H05MEALXX:7:1215:27217:43501	1003734	1003792	58
E00170:22:H00WVALXX:1:1119:29541:13527	1003749	1003794	45
E00125:9:H05MEALXX:7:1204:14499:26536	1003739	1003796	57
E00125:9:H05MEALXX:7:1210:18204:21702	1003713	1003797	84
E00170:22:H00WVALXX:1:2118:3151:20559	1003772	1003798	26
E00170:22:H00WVALXX:1:2118:3202:20506	1003773	1003799	26
E00170:22:H00WVALXX:1:2119:26517:49496	1003752	1003800	48
E00170:22:H00WVALXX:1:1109:27359:43783	1003764	1003808	44
E00170:22:H00WVALXX:1:1117:21736:52221	1003766	1003809	43
E00121:9:H00UWALXX:7:1103:30810:13474	1003745	1003814	69
E00170:22:H00WVALXX:1:1224:17260:28716	1003751	1003815	64
E00170:22:H00WVALXX:1:1221:6237:12015	1003762	1003819	57
E00170:22:H00WVALXX:1:2203:23492:38139	1003705	1003821	116
E00170:22:H00WVALXX:1:1109:32211:67446	1003753	1003822	69
E00170:22:H00WVALXX:1:2202:10003:71067	1003760	1003823	63
E00170:22:H00WVALXX:1:2202:10013:71085	1003761	1003824	63
E00170:22:H00WVALXX:1:1119:13707:1678	1003774	1003825	51
E00170:22:H00WVALXX:1:2206:28882:55386	1003746	1003826	80
E00170:22:H00WVALXX:1:2213:30455:44574	1003793	1003827	34
E00121:9:H00UWALXX:7:1121:15413:36768	1003830	1003834	4
E00170:22:H00WVALXX:1:1117:10774:58199	1003832	1003835	3
E00170:22:H00WVALXX:1:1201:10023:15584	1003770	1003836	66
E00170:22:H00WVALXX:1:1222:26090:21368	1003833	1003837	4
E00170:22:H00WVALXX:1:2204:14438:57232	1003777	1003839	62
E00121:9:H00UWALXX:7:1123:28598:20542	1003763	1003840	77
E00170:22:H00WVALXX:1:1222:18782:66936	1003767	1003841	74
E00170:22:H00WVALXX:1:2118:19960:7409	1003750	1003842	92
E00170:22:H00WVALXX:1:2212:11606:24655	1003802	1003843	41
E00170:22:H00WVALXX:1:2212:11667:24761	1003803	1003844	41
E00121:9:H00UWALXX:7:1114:26699:59130	1003807	1003847	40
E00121:9:H00UWALXX:7:1108:14966:26783	1003810	1003848	38
E00170:22:H00WVALXX:1:1217:14032:21473	1003811	1003849	38
E00170:22:H00WVALXX:1:2105:32861:40091	1003784	1003855	71
E00170:22:H00WVALXX:1:2209:31226:29174	1003782	1003856	74
E00125:9:H05MEALXX:7:1202:26710:53663	1003817	1003860	43
E00121:9:H00UWALXX:7:1201:20630:72069	1003861	1003862	1
E00170:22:H00WVALXX:1:2216:10622:24181	1003829	1003864	35
E00170:22:H00WVALXX:1:2216:20041:43800	1003771	1003865	94
E00121:9:H00UWALXX:7:1201:9282:9097	1003758	1003866	108
E00170:22:H00WVALXX:1:2222:27958:41656	1003795	1003867	72
E00121:9:H00UWALXX:7:1116:8237:4016	1003790	1003869	79
E00125:9:H05MEALXX:7:2218:16570:15883	1003791	1003870	79
E00170:22:H00WVALXX:1:2113:16143:24884	1003816	1003871	55
E00170:22:H00WVALXX:1:2205:5861:14810	1003804	1003876	72
E00170:22:H00WVALXX:1:2211:14388:4965	1003805	1003877	72
E00170:22:H00WVALXX:1:1210:30577:26361	1003783	1003878	95
E00125:9:H05MEALXX:7:2203:2877:47404	1003812	1003892	80
E00125:9:H05MEALXX:7:2203:3172:47457	1003813	1003893	80
E00170:22:H00WVALXX:1:2114:17067:3383	1003747	1003896	149
E00170:22:H00WVALXX:1:1203:24903:72650	1003818	1003900	82
E00121:9:H00UWALXX:7:1118:6257:23864	1003838	1003902	64
E00125:9:H05MEALXX:7:1105:26791:56230	1003851	1003903	52
E00170:22:H00WVALXX:1:1224:19605:17236	1003801	1003906	105
E00170:22:H00WVALXX:1:1223:23005:13738	1003828	1003907	79
E00170:22:H00WVALXX:1:1206:22711:26730	1003806	1003909	103
E00121:9:H00UWALXX:7:1113:24852:72773	1003874	1003910	36
E00170:22:H00WVALXX:1:2220:29075:24146	1003820	1003913	93
E00170:22:H00WVALXX:1:2120:24233:6302	1003850	1003915	65
E00125:9:H05MEALXX:7:2105:12916:36557	1003831	1003918	87
E00125:9:H05MEALXX:7:2111:17392:18080	1003845	1003919	74
E00170:22:H00WVALXX:1:1201:14459:53259	1003853	1003920	67
E00170:22:H00WVALXX:1:2101:30374:42183	1003854	1003921	67
E00170:22:H00WVALXX:1:2106:28770:63912	1003868	1003924	56
E00121:9:H00UWALXX:7:1124:8348:55544	1003887	1003925	38
E00170:22:H00WVALXX:1:1211:15250:73054	1003863	1003926	63
E00170:22:H00WVALXX:1:2202:4918:10925	1003852	1003929	77
E00170:22:H00WVALXX:1:1114:14235:59974	1003858	1003938	80
E00170:22:H00WVALXX:1:2217:12134:4965	1003859	1003939	80
E00125:9:H05MEALXX:7:2120:22802:15250	1003897	1003941	44
E00170:22:H00WVALXX:1:1112:25025:68852	1003898	1003942	44
E00170:22:H00WVALXX:1:1203:17321:23056	1003899	1003943	44
E00170:22:H00WVALXX:1:2207:15068:65002	1003933	1003944	11
E00125:9:H05MEALXX:7:2122:24152:50569	1003872	1003945	73
E00170:22:H00WVALXX:1:2118:11312:14160	1003894	1003946	52
E00170:22:H00WVALXX:1:2203:21838:18959	1003873	1003947	74
E00170:22:H00WVALXX:1:1116:29947:26361	1003846	1003948	102
E00125:9:H05MEALXX:7:1102:11728:15689	1003890	1003951	61
E00170:22:H00WVALXX:1:2112:16316:16182	1003886	1003952	66
E00125:9:H05MEALXX:7:1216:13768:47949	1003904	1003954	50
E00170:22:H00WVALXX:1:2209:8917:16129	1003905	1003955	50
E00170:22:H00WVALXX:1:1113:22924:29947	1003882	1003957	75
E00170:22:H00WVALXX:1:2103:17575:22264	1003884	1003958	74
E00170:22:H00WVALXX:1:2117:22020:67903	1003885	1003959	74
E00170:22:H00WVALXX:1:2102:24000:7304	1003883	1003960	77
E00170:22:H00WVALXX:1:2117:32383:10749	1003881	1003962	81
E00125:9:H05MEALXX:7:1207:32861:32848	1003879	1003964	85
E00125:9:H05MEALXX:7:2206:30110:30158	1003857	1003965	108
E00170:22:H00WVALXX:1:2222:14185:44486	1003917	1003966	49
E00121:9:H00UWALXX:7:1101:30161:71806	1003891	1003970	79
E00170:22:H00WVALXX:1:2213:11150:15285	1003880	1003976	96
E00170:22:H00WVALXX:1:1208:7090:61803	1003963	1003977	14
E00170:22:H00WVALXX:1:2114:24365:69468	1003922	1003981	59
E00170:22:H00WVALXX:1:2114:30780:53716	1003916	1003982	66
E00125:9:H05MEALXX:7:1101:9384:19504	1003901	1003987	86
E00170:22:H00WVALXX:1:1220:16499:48881	1003875	1003989	114
E00121:9:H00UWALXX:7:1112:27674:24110	1003911	1003990	79
E00170:22:H00WVALXX:1:2111:8754:34061	1003912	1003992	80
E00170:22:H00WVALXX:1:2212:12358:21315	1003931	1003997	66
E00170:22:H00WVALXX:1:1114:6876:44205	1003923	1003998	75
E00170:22:H00WVALXX:1:2203:27796:36698	1003935	1004002	67
E00170:22:H00WVALXX:1:1217:26598:28541	1003888	1004005	117
E00170:22:H00WVALXX:1:2216:6095:37436	1003889	1004006	117
E00121:9:H00UWALXX:7:1105:12764:31090	1003969	1004007	38
E00170:22:H00WVALXX:1:1215:2938:39423	1003908	1004012	104
E00121:9:H00UWALXX:7:2101:22802:44996	1003936	1004016	80
E00170:22:H00WVALXX:1:1214:18204:59675	1003937	1004017	80
E00170:22:H00WVALXX:1:1215:30973:55562	1003949	1004020	71
E00170:22:H00WVALXX:1:2217:9749:7726	1004000	1004021	21
E00125:9:H05MEALXX:7:1211:25867:14476	1003927	1004022	95
E00170:22:H00WVALXX:1:1220:26933:67938	1003988	1004023	35
E00170:22:H00WVALXX:1:1103:28547:51465	1003934	1004026	92
E00121:9:H00UWALXX:7:1107:12297:44908	1003914	1004028	114
E00121:9:H00UWALXX:7:1121:8561:9571	1003950	1004029	79
E00121:9:H00UWALXX:7:2101:2918:66637	1003975	1004030	55
E00170:22:H00WVALXX:1:1209:11373:24075	1003967	1004031	64
E00121:9:H00UWALXX:7:1105:17798:28839	1003968	1004032	64
E00121:9:H00UWALXX:7:1120:17250:26378	1003973	1004037	64
E00121:9:H00UWALXX:7:1113:2370:37419	1003985	1004038	53
E00121:9:H00UWALXX:7:1121:15311:4667	1003978	1004040	62
E00170:22:H00WVALXX:1:1221:12662:22757	1003953	1004041	88
E00170:22:H00WVALXX:1:1113:27745:18397	1003930	1004042	112
E00170:22:H00WVALXX:1:1116:12753:60607	1003895	1004047	152
E00121:9:H00UWALXX:7:1105:11972:61398	1003956	1004048	92
E00170:22:H00WVALXX:1:2115:2106:37348	1003974	1004049	75
E00170:22:H00WVALXX:1:2205:4481:42658	1004001	1004050	49
E00121:9:H00UWALXX:7:1119:26801:59693	1004009	1004052	43
E00170:22:H00WVALXX:1:2110:28618:19522	1004010	1004053	43
E00125:9:H05MEALXX:7:2106:32231:16568	1003961	1004054	93
E00121:9:H00UWALXX:7:1112:17889:53434	1003993	1004055	62
E00125:9:H05MEALXX:7:1121:16235:30527	1003994	1004056	62
E00170:22:H00WVALXX:1:2201:23868:13052	1003996	1004057	61
E00125:9:H05MEALXX:7:2105:16275:72298	1003983	1004058	75
E00125:9:H05MEALXX:7:2105:16286:72316	1003984	1004059	75
E00170:22:H00WVALXX:1:1208:28506:12472	1003932	1004060	128
E00125:9:H05MEALXX:7:2108:20335:3383	1003980	1004061	81
E00170:22:H00WVALXX:1:1113:2766:30545	1004004	1004062	58
E00170:22:H00WVALXX:1:1119:11200:60765	1003940	1004069	129
E00121:9:H00UWALXX:7:1102:25958:37348	1004008	1004073	65
E00121:9:H00UWALXX:7:1109:10845:41023	1003971	1004074	103
E00125:9:H05MEALXX:7:2115:8947:64035	1003972	1004075	103
E00170:22:H00WVALXX:1:1218:23127:28154	1004035	1004076	41
E00125:9:H05MEALXX:7:2107:25086:34606	1004003	1004078	75
E00121:9:H00UWALXX:7:1121:19889:45611	1004018	1004079	61
E00170:22:H00WVALXX:1:1219:28841:63930	1003986	1004080	94
E00125:9:H05MEALXX:7:1103:8785:27609	1004011	1004081	70
E00170:22:H00WVALXX:1:1102:15819:28505	1004014	1004082	68
E00170:22:H00WVALXX:1:1102:15829:28523	1004015	1004083	68
E00170:22:H00WVALXX:1:1103:3294:30615	1004025	1004084	59
E00170:22:H00WVALXX:1:2210:16976:19786	1003979	1004085	106
E00125:9:H05MEALXX:7:2217:18975:6618	1003928	1004087	159
E00121:9:H00UWALXX:7:1117:19574:4104	1003995	1004089	94
E00121:9:H00UWALXX:7:1103:12205:37436	1004027	1004090	63
E00121:9:H00UWALXX:7:1117:21137:62682	1004045	1004096	51
E00170:22:H00WVALXX:1:1109:14479:14125	1004046	1004097	51
E00170:22:H00WVALXX:1:1101:26425:31793	1003999	1004098	99
E00170:22:H00WVALXX:1:2112:12895:35291	1004051	1004099	48
E00170:22:H00WVALXX:1:2213:11931:19241	1004034	1004101	67
E00170:22:H00WVALXX:1:1119:17970:44574	1004024	1004106	82
E00170:22:H00WVALXX:1:2104:13768:52028	1004091	1004110	19
E00170:22:H00WVALXX:1:1117:10571:7075	1004036	1004113	77
E00170:22:H00WVALXX:1:1111:22639:11558	1004033	1004118	85
E00170:22:H00WVALXX:1:2123:24162:3084	1004013	1004120	107
E00170:22:H00WVALXX:1:1120:10043:67657	1003991	1004127	136
E00125:9:H05MEALXX:7:1215:4136:72614	1004043	1004131	88
E00170:22:H00WVALXX:1:1116:32789:24989	1004119	1004135	16
E00170:22:H00WVALXX:1:1214:4633:59834	1004019	1004136	117
E00170:22:H00WVALXX:1:1216:25583:2627	1004064	1004141	77
E00125:9:H05MEALXX:7:1118:28090:45260	1004070	1004144	74
E00170:22:H00WVALXX:1:1218:30628:47053	1004044	1004152	108
E00170:22:H00WVALXX:1:2106:5963:12384	1004093	1004153	60
E00121:9:H00UWALXX:7:2101:21046:31477	1004094	1004159	65
E00170:22:H00WVALXX:1:2108:7993:64528	1004086	1004161	75
E00125:9:H05MEALXX:7:2223:7201:23073	1004071	1004163	92
E00170:22:H00WVALXX:1:1112:12621:18502	1004092	1004164	72
E00121:9:H00UWALXX:7:2101:14895:8763	1004067	1004166	99
E00170:22:H00WVALXX:1:2123:14002:6196	1004095	1004168	73
E00125:9:H05MEALXX:7:2221:29775:56616	1004065	1004169	104
E00170:22:H00WVALXX:1:1116:12662:28839	1004066	1004170	104
E00170:22:H00WVALXX:1:1204:29846:7198	1004128	1004171	43
E00125:9:H05MEALXX:7:1102:27806:53944	1004088	1004172	84
E00170:22:H00WVALXX:1:2217:28943:72579	1004039	1004176	137
E00121:9:H00UWALXX:7:1113:20447:5018	1004124	1004177	53
E00125:9:H05MEALXX:7:2103:25157:44750	1004122	1004178	56
E00170:22:H00WVALXX:1:2114:8511:30721	1004125	1004179	54
E00170:22:H00WVALXX:1:2120:19808:69731	1004126	1004180	54
E00170:22:H00WVALXX:1:2123:9800:57531	1004107	1004181	74
E00170:22:H00WVALXX:1:1118:9668:19082	1004063	1004182	119
E00170:22:H00WVALXX:1:2111:27522:51307	1004123	1004184	61
E00121:9:H00UWALXX:7:1111:6988:56353	1004072	1004186	114
E00121:9:H00UWALXX:7:1122:14073:50305	1004130	1004187	57
E00170:22:H00WVALXX:1:1116:30272:4104	1004077	1004188	111
E00170:22:H00WVALXX:1:1111:10317:24919	1004145	1004189	44
E00170:22:H00WVALXX:1:2123:23594:4948	1004111	1004191	80
E00170:22:H00WVALXX:1:2117:7435:65073	1004139	1004192	53
E00125:9:H05MEALXX:7:2214:28567:12121	1004132	1004193	61
E00170:22:H00WVALXX:1:2112:32475:56230	1004134	1004194	60
E00125:9:H05MEALXX:7:2224:5770:25763	1004103	1004195	92
E00170:22:H00WVALXX:1:2216:15717:59482	1004104	1004196	92
E00170:22:H00WVALXX:1:2216:15748:59535	1004105	1004197	92
E00170:22:H00WVALXX:1:2201:29684:16762	1004068	1004198	130
E00170:22:H00WVALXX:1:1216:9526:35256	1004115	1004200	85
E00170:22:H00WVALXX:1:1122:19026:72949	1004133	1004201	68
E00170:22:H00WVALXX:1:2116:21939:69239	1004149	1004202	53
E00121:9:H00UWALXX:7:1106:5324:57232	1004109	1004204	95
E00170:22:H00WVALXX:1:1223:12540:37735	1004108	1004207	99
E00125:9:H05MEALXX:7:2112:9333:42482	1004102	1004210	108
E00170:22:H00WVALXX:1:1202:12621:53768	1004157	1004213	56
E00170:22:H00WVALXX:1:1202:12692:53716	1004158	1004214	56
E00125:9:H05MEALXX:7:1106:26740:49742	1004162	1004215	53
E00121:9:H00UWALXX:7:1118:23472:34166	1004160	1004217	57
E00170:22:H00WVALXX:1:1223:3517:67991	1004146	1004219	73
E00125:9:H05MEALXX:7:2213:27227:44046	1004137	1004221	84
E00170:22:H00WVALXX:1:1211:15890:45541	1004138	1004222	84
E00121:9:H00UWALXX:7:1105:14164:12384	1004147	1004223	76
E00125:9:H05MEALXX:7:1101:17016:11804	1004142	1004224	82
E00125:9:H05MEALXX:7:1224:24203:69819	1004148	1004225	77
E00170:22:H00WVALXX:1:1105:18011:3752	1004100	1004226	126
E00170:22:H00WVALXX:1:1113:26324:57003	1004150	1004227	77
E00170:22:H00WVALXX:1:1201:25958:18995	1004143	1004228	85
E00125:9:H05MEALXX:7:2214:26040:57812	1004151	1004229	78
E00170:22:H00WVALXX:1:2120:11850:63156	1004183	1004230	47
E00121:9:H00UWALXX:7:1116:21320:61099	1004155	1004231	76
E00125:9:H05MEALXX:7:2223:32079:3788	1004116	1004232	116
E00125:9:H05MEALXX:7:2117:32191:64774	1004185	1004233	48
E00170:22:H00WVALXX:1:2123:21817:22053	1004121	1004235	114
E00121:9:H00UWALXX:7:1110:10429:48318	1004173	1004237	64
E00170:22:H00WVALXX:1:1123:22954:67059	1004174	1004238	64
E00125:9:H05MEALXX:7:2206:30841:35749	1004140	1004242	102
E00170:22:H00WVALXX:1:2203:22761:4350	1004175	1004243	68
E00170:22:H00WVALXX:1:1107:29562:27978	1004112	1004246	134
E00125:9:H05MEALXX:7:2220:11566:51342	1004167	1004248	81
E00170:22:H00WVALXX:1:1108:5466:31353	1004117	1004250	133
E00170:22:H00WVALXX:1:1101:7333:71120	1004129	1004252	123
E00125:9:H05MEALXX:7:2220:24903:52503	1004156	1004254	98
E00121:9:H00UWALXX:7:1124:18387:63684	1004216	1004269	53
E00170:22:H00WVALXX:1:1113:24213:41111	1004208	1004270	62
E00170:22:H00WVALXX:1:2212:13454:51729	1004205	1004272	67
E00125:9:H05MEALXX:7:2101:19138:19100	1004220	1004274	54
E00170:22:H00WVALXX:1:2116:19737:26079	1004114	1004275	161
E00170:22:H00WVALXX:1:2113:29937:64738	1004211	1004279	68
E00170:22:H00WVALXX:1:2204:24365:47633	1004239	1004280	41
E00170:22:H00WVALXX:1:1106:31084:64897	1004190	1004282	92
E00125:9:H05MEALXX:7:1222:25634:59675	1004273	1004284	11
E00170:22:H00WVALXX:1:1215:14509:25710	1004199	1004287	88
E00170:22:H00WVALXX:1:1119:25705:54595	1004154	1004290	136
E00125:9:H05MEALXX:7:1107:2339:4561	1004206	1004291	85
E00170:22:H00WVALXX:1:2120:27867:2223	1004203	1004295	92
E00170:22:H00WVALXX:1:1217:4968:50674	1004244	1004297	53
E00170:22:H00WVALXX:1:2115:29572:63121	1004209	1004300	91
E00125:9:H05MEALXX:7:2112:19737:43589	1004266	1004301	35
E00170:22:H00WVALXX:1:2105:29643:63455	1004261	1004305	44
E00121:9:H00UWALXX:7:1101:18955:59500	1004247	1004306	59
E00170:22:H00WVALXX:1:1109:32688:57654	1004165	1004307	142
E00170:22:H00WVALXX:1:1216:28943:34922	1004259	1004308	49
E00125:9:H05MEALXX:7:1114:32820:64598	1004263	1004309	46
E00170:22:H00WVALXX:1:1111:28496:50780	1004288	1004310	22
E00170:22:H00WVALXX:1:2207:20072:7743	1004289	1004311	22
E00170:22:H00WVALXX:1:2105:17067:22124	1004236	1004312	76
E00125:9:H05MEALXX:7:1219:21584:52063	1004240	1004313	73
E00125:9:H05MEALXX:7:1119:13515:20893	1004276	1004314	38
E00170:22:H00WVALXX:1:2211:20884:19135	1004234	1004315	81
E00170:22:H00WVALXX:1:2217:14905:42288	1004241	1004316	75
E00170:22:H00WVALXX:1:1116:25471:46490	1004255	1004318	63
E00170:22:H00WVALXX:1:1123:27461:12736	1004218	1004321	103
E00121:9:H00UWALXX:7:1112:6227:3454	1004212	1004322	110
E00170:22:H00WVALXX:1:1209:31125:12789	1004283	1004323	40
E00170:22:H00WVALXX:1:2124:7617:47773	1004262	1004326	64
E00121:9:H00UWALXX:7:1107:4298:71454	1004245	1004328	83
E00121:9:H00UWALXX:7:1116:5121:63596	1004278	1004330	52
E00170:22:H00WVALXX:1:1108:16336:2680	1004265	1004331	66
E00170:22:H00WVALXX:1:1122:27380:52714	1004264	1004332	68
E00170:22:H00WVALXX:1:1101:31612:48336	1004268	1004335	67
E00170:22:H00WVALXX:1:1211:26436:55192	1004277	1004337	60
E00170:22:H00WVALXX:1:2104:12611:59236	1004258	1004343	85
E00170:22:H00WVALXX:1:2217:32069:3664	1004257	1004344	87
E00121:9:H00UWALXX:7:1102:9546:38667	1004249	1004345	96
E00170:22:H00WVALXX:1:2123:29937:55667	1004298	1004348	50
E00170:22:H00WVALXX:1:2224:8044:26888	1004253	1004349	96
E00125:9:H05MEALXX:7:1107:25877:2575	1004293	1004350	57
E00170:22:H00WVALXX:1:1107:8917:32092	1004260	1004351	91
E00170:22:H00WVALXX:1:2122:23025:1256	1004285	1004352	67
E00170:22:H00WVALXX:1:2103:5750:60607	1004320	1004356	36
E00125:9:H05MEALXX:7:1220:3091:5229	1004302	1004361	59
E00170:22:H00WVALXX:1:2103:19402:63649	1004303	1004362	59
E00170:22:H00WVALXX:1:2216:20082:41339	1004251	1004364	113
E00121:9:H00UWALXX:7:1124:2390:50885	1004267	1004366	99
E00170:22:H00WVALXX:1:1108:23208:64826	1004341	1004368	27
E00170:22:H00WVALXX:1:1110:17534:49619	1004342	1004369	27
E00125:9:H05MEALXX:7:1108:18366:40864	1004281	1004370	89
E00170:22:H00WVALXX:1:2119:15890:43537	1004286	1004372	86
E00170:22:H00WVALXX:1:2105:4755:48371	1004296	1004373	77
E00170:22:H00WVALXX:1:1206:10196:3014	1004299	1004375	76
E00170:22:H00WVALXX:1:2204:29369:25816	1004271	1004376	105
E00125:9:H05MEALXX:7:2114:4989:23882	1004324	1004377	53
E00170:22:H00WVALXX:1:2110:32312:62172	1004294	1004379	85
E00125:9:H05MEALXX:7:1210:9556:3805	1004292	1004380	88
E00170:22:H00WVALXX:1:2108:30120:29578	1004256	1004381	125
E00170:22:H00WVALXX:1:2212:31774:3295	1004353	1004382	29
E00170:22:H00WVALXX:1:2212:31835:3436	1004354	1004383	29
E00170:22:H00WVALXX:1:1116:16336:33340	1004319	1004384	65
E00170:22:H00WVALXX:1:2204:26831:61644	1004325	1004385	60
E00121:9:H00UWALXX:7:1102:17138:34975	1004359	1004386	27
E00121:9:H00UWALXX:7:1113:19331:26642	1004336	1004387	51
E00125:9:H05MEALXX:7:2107:14743:53680	1004360	1004388	28
E00121:9:H00UWALXX:7:1114:15910:28382	1004329	1004389	60
E00170:22:H00WVALXX:1:1115:10541:4526	1004317	1004392	75
E00170:22:H00WVALXX:1:2205:32505:60150	1004304	1004393	89
E00170:22:H00WVALXX:1:2223:28973:48512	1004358	1004394	36
E00170:22:H00WVALXX:1:2209:16103:64369	1004333	1004395	62
E00170:22:H00WVALXX:1:2210:11525:27855	1004347	1004396	49
E00170:22:H00WVALXX:1:1210:14702:58568	1004355	1004398	43
E00170:22:H00WVALXX:1:2113:18793:23601	1004346	1004399	53
E00125:9:H05MEALXX:7:1223:4684:12560	1004334	1004401	67
E00125:9:H05MEALXX:7:2220:13677:70083	1004365	1004402	37
E00121:9:H00UWALXX:7:1115:23015:12806	1004338	1004403	65
E00121:9:H00UWALXX:7:1115:23066:12543	1004339	1004404	65
E00121:9:H00UWALXX:7:1115:23167:12754	1004340	1004405	65
E00125:9:H05MEALXX:7:2102:6623:44785	1004371	1004406	35
E00121:9:H00UWALXX:7:1115:11048:32971	1004327	1004408	81
E00170:22:H00WVALXX:1:1206:19249:46613	1004374	1004410	36
E00170:22:H00WVALXX:1:1103:27836:53856	1004411	1004413	2
E00125:9:H05MEALXX:7:2219:27319:61715	1004363	1004415	52
E00170:22:H00WVALXX:1:1107:15524:10908	1004357	1004416	59
E00170:22:H00WVALXX:1:1104:5537:7286	1004391	1004417	26
E00125:9:H05MEALXX:7:1123:17656:63016	1004367	1004419	52
E00170:22:H00WVALXX:1:2205:30364:32672	1004409	1004420	11
E00125:9:H05MEALXX:7:1203:28354:67587	1004390	1004421	31
E00121:9:H00UWALXX:7:1102:20934:25517	1004400	1004423	23
E00170:22:H00WVALXX:1:1115:16793:71999	1004397	1004424	27
E00125:9:H05MEALXX:7:1224:30902:21579	1004414	1004425	11
E00125:9:H05MEALXX:7:1118:24558:36047	1004422	1004426	4
E00125:9:H05MEALXX:7:2218:30029:72527	1004378	1004427	49
E00170:22:H00WVALXX:1:2103:31490:73054	1004412	1004431	19
E00170:22:H00WVALXX:1:1111:17483:39229	1004428	1004436	8
E00170:22:H00WVALXX:1:1119:8419:54647	1004407	1004438	31
E00170:22:H00WVALXX:1:2109:5131:36047	1004418	1004450	32
E00170:22:H00WVALXX:1:2201:10104:37102	1004430	1004452	22
E00125:9:H05MEALXX:7:2123:7283:60801	1004432	1004463	31
E00170:22:H00WVALXX:1:1122:7638:38526	1004433	1004466	33
E00170:22:H00WVALXX:1:1109:30607:71630	1004440	1004468	28
E00121:9:H00UWALXX:7:1201:27999:60642	1004470	1004471	1
E00170:22:H00WVALXX:1:2124:8886:51026	1004435	1004472	37
E00125:9:H05MEALXX:7:1211:17331:32672	1004437	1004474	37
E00170:22:H00WVALXX:1:1220:31561:36610	1004429	1004480	51
E00170:22:H00WVALXX:1:1213:25481:52450	1004459	1004481	22
E00125:9:H05MEALXX:7:1105:11820:69468	1004443	1004483	40
E00170:22:H00WVALXX:1:1115:18793:5106	1004441	1004488	47
E00170:22:H00WVALXX:1:1207:7993:65336	1004446	1004490	44
E00170:22:H00WVALXX:1:1207:8044:65319	1004447	1004491	44
E00170:22:H00WVALXX:1:2122:8287:45910	1004457	1004495	38
E00170:22:H00WVALXX:1:2122:8298:45998	1004458	1004496	38
E00170:22:H00WVALXX:1:2212:7079:54788	1004464	1004501	37
E00170:22:H00WVALXX:1:1124:29775:31266	1004473	1004503	30
E00170:22:H00WVALXX:1:2223:25055:11242	1004449	1004504	55
E00170:22:H00WVALXX:1:1101:12652:65776	1004439	1004506	67
E00170:22:H00WVALXX:1:2209:25806:13843	1004434	1004508	74
E00170:22:H00WVALXX:1:2115:19706:68466	1004451	1004512	61
E00170:22:H00WVALXX:1:1219:12185:3225	1004454	1004513	59
E00170:22:H00WVALXX:1:1211:31115:45611	1004455	1004514	59
E00170:22:H00WVALXX:1:1222:5466:4772	1004456	1004515	59
E00170:22:H00WVALXX:1:1220:6136:32408	1004448	1004518	70
E00125:9:H05MEALXX:7:2201:15991:48846	1004442	1004519	77
E00170:22:H00WVALXX:1:1207:18346:22581	1004445	1004520	75
E00170:22:H00WVALXX:1:1206:25167:37594	1004476	1004521	45
E00125:9:H05MEALXX:7:2209:5171:40618	1004484	1004522	38
E00125:9:H05MEALXX:7:1219:21706:40847	1004465	1004523	58
E00170:22:H00WVALXX:1:2207:26852:41568	1004467	1004524	57
E00125:9:H05MEALXX:7:2107:27227:30967	1004469	1004525	56
E00125:9:H05MEALXX:7:1119:12591:6495	1004478	1004532	54
E00125:9:H05MEALXX:7:2115:31612:15004	1004479	1004533	54
E00170:22:H00WVALXX:1:2106:13900:34114	1004502	1004537	35
E00170:22:H00WVALXX:1:1112:19584:11154	1004477	1004538	61
E00170:22:H00WVALXX:1:1202:20092:25429	1004460	1004539	79
E00125:9:H05MEALXX:7:2106:29988:67182	1004462	1004542	80
E00170:22:H00WVALXX:1:1118:26831:2891	1004475	1004548	73
E00170:22:H00WVALXX:1:2117:28943:51799	1004494	1004549	55
E00121:9:H00UWALXX:7:1114:20579:42201	1004453	1004551	98
E00170:22:H00WVALXX:1:1205:20508:60009	1004499	1004552	53
E00170:22:H00WVALXX:1:2216:14712:30281	1004500	1004556	56
E00170:22:H00WVALXX:1:1102:16397:64176	1004509	1004558	49
E00170:22:H00WVALXX:1:1124:22193:55931	1004492	1004560	68
E00170:22:H00WVALXX:1:1208:24477:8622	1004498	1004561	63
E00125:9:H05MEALXX:7:2221:3649:14459	1004487	1004563	76
E00170:22:H00WVALXX:1:2217:24680:46209	1004510	1004565	55
E00170:22:H00WVALXX:1:1203:16204:19188	1004444	1004570	126
E00121:9:H00UWALXX:7:1111:9475:24550	1004485	1004572	87
E00125:9:H05MEALXX:7:2109:16245:6178	1004486	1004573	87
E00125:9:H05MEALXX:7:2109:9587:36592	1004517	1004574	57
E00170:22:H00WVALXX:1:1224:21158:37260	1004577	1004578	1
E00121:9:H00UWALXX:7:1124:30008:59517	1004461	1004579	118
E00121:9:H00UWALXX:7:1105:16661:41427	1004482	1004580	98
E00125:9:H05MEALXX:7:2221:20427:65635	1004526	1004581	55
E00125:9:H05MEALXX:7:2221:20670:65705	1004527	1004582	55
E00125:9:H05MEALXX:7:2104:5110:31406	1004528	1004586	58
E00121:9:H00UWALXX:7:1120:23604:56159	1004534	1004591	57
E00125:9:H05MEALXX:7:1118:8988:48037	1004530	1004592	62
E00121:9:H00UWALXX:7:1109:2877:28804	1004497	1004593	96
E00170:22:H00WVALXX:1:2120:13454:40056	1004493	1004594	101
E00121:9:H00UWALXX:7:1114:25350:12982	1004489	1004595	106
E00170:22:H00WVALXX:1:2114:19280:59078	1004535	1004597	62
E00170:22:H00WVALXX:1:2114:19320:59042	1004536	1004598	62
E00170:22:H00WVALXX:1:1207:7181:47439	1004505	1004599	94
E00121:9:H00UWALXX:7:1122:23045:63947	1004541	1004602	61
E00170:22:H00WVALXX:1:2216:22244:51413	1004567	1004604	37
E00170:22:H00WVALXX:1:2113:25350:72685	1004531	1004605	74
E00170:22:H00WVALXX:1:2207:29430:41462	1004529	1004608	79
E00125:9:H05MEALXX:7:2216:19940:25200	1004557	1004613	56
E00170:22:H00WVALXX:1:2218:16661:16568	1004516	1004614	98
E00125:9:H05MEALXX:7:1112:9607:46859	1004543	1004615	72
E00170:22:H00WVALXX:1:1106:5303:2838	1004511	1004616	105
E00121:9:H00UWALXX:7:1119:7435:15285	1004540	1004621	81
E00170:22:H00WVALXX:1:1104:29308:72439	1004553	1004622	69
E00170:22:H00WVALXX:1:1204:6166:3172	1004575	1004624	49
E00125:9:H05MEALXX:7:2205:8145:57970	1004507	1004625	118
E00125:9:H05MEALXX:7:2110:4603:24444	1004618	1004629	11
E00170:22:H00WVALXX:1:1106:30303:30984	1004544	1004631	87
E00170:22:H00WVALXX:1:2122:5476:72368	1004546	1004632	86
E00170:22:H00WVALXX:1:2202:32069:70892	1004547	1004633	86
E00170:22:H00WVALXX:1:2105:28486:20700	1004562	1004634	72
E00121:9:H00UWALXX:7:1120:23979:29068	1004554	1004639	85
E00125:9:H05MEALXX:7:2109:19452:21860	1004555	1004640	85
E00125:9:H05MEALXX:7:2122:3801:27345	1004641	1004643	2
E00170:22:H00WVALXX:1:2106:18711:12384	1004589	1004645	56
E00170:22:H00WVALXX:1:2106:18843:12226	1004590	1004646	56
E00170:22:H00WVALXX:1:2121:24568:42429	1004559	1004648	89
E00170:22:H00WVALXX:1:1223:12418:44170	1004588	1004649	61
E00170:22:H00WVALXX:1:2223:3963:27275	1004550	1004653	103
E00170:22:H00WVALXX:1:1214:15494:42992	1004545	1004655	110
E00170:22:H00WVALXX:1:2219:20772:29103	1004564	1004659	95
E00170:22:H00WVALXX:1:1101:9505:28435	1004650	1004660	10
E00170:22:H00WVALXX:1:2220:7648:67727	1004663	1004664	1
E00170:22:H00WVALXX:1:1217:19320:33305	1004600	1004669	69
E00170:22:H00WVALXX:1:1221:20183:66549	1004596	1004670	74
E00170:22:H00WVALXX:1:2123:5841:49971	1004642	1004671	29
E00170:22:H00WVALXX:1:2202:16895:26326	1004576	1004674	98
E00121:9:H00UWALXX:7:1111:31774:34659	1004679	1004680	1
E00170:22:H00WVALXX:1:2210:16458:24128	1004644	1004682	38
E00125:9:H05MEALXX:7:1223:19493:38561	1004672	1004683	11
E00121:9:H00UWALXX:7:1109:8460:48776	1004661	1004685	24
E00170:22:H00WVALXX:1:1213:23807:6829	1004601	1004686	85
E00170:22:H00WVALXX:1:1117:21259:29244	1004635	1004688	53
E00170:22:H00WVALXX:1:2121:15078:43501	1004636	1004689	53
E00121:9:H00UWALXX:7:1117:11525:44416	1004609	1004691	82
E00125:9:H05MEALXX:7:2221:6115:22036	1004610	1004692	82
E00170:22:H00WVALXX:1:1111:5334:32567	1004665	1004693	28
E00170:22:H00WVALXX:1:1111:5364:32584	1004666	1004694	28
E00170:22:H00WVALXX:1:1111:5374:32531	1004667	1004695	28
E00170:22:H00WVALXX:1:2215:30912:63227	1004668	1004696	28
E00170:22:H00WVALXX:1:2106:26679:25622	1004681	1004697	16
E00121:9:H00UWALXX:7:1106:8582:11330	1004606	1004699	93
E00125:9:H05MEALXX:7:2219:7628:25675	1004698	1004700	2
E00125:9:H05MEALXX:7:1116:7465:4473	1004584	1004701	117
E00170:22:H00WVALXX:1:1220:16336:15514	1004585	1004702	117
E00125:9:H05MEALXX:7:1202:24466:45945	1004566	1004705	139
E00170:22:H00WVALXX:1:1213:24812:38104	1004607	1004707	100
E00125:9:H05MEALXX:7:2110:30455:63947	1004711	1004712	1
E00125:9:H05MEALXX:7:2202:8013:41990	1004568	1004713	145
E00170:22:H00WVALXX:1:1212:28466:43132	1004569	1004714	145
E00170:22:H00WVALXX:1:1108:31602:12666	1004587	1004715	128
E00170:22:H00WVALXX:1:2107:12246:1150	1004690	1004716	26
E00121:9:H00UWALXX:7:1104:28273:48740	1004571	1004718	147
E00125:9:H05MEALXX:7:1108:32120:14933	1004708	1004719	11
E00121:9:H00UWALXX:7:1103:6521:41585	1004717	1004721	4
E00170:22:H00WVALXX:1:2224:13423:12121	1004654	1004722	68
E00125:9:H05MEALXX:7:2114:8348:48828	1004651	1004723	72
E00170:22:H00WVALXX:1:2116:6065:41743	1004628	1004724	96
E00121:9:H00UWALXX:7:1109:20132:55210	1004725	1004726	1
E00170:22:H00WVALXX:1:2115:32617:53346	1004620	1004727	107
E00125:9:H05MEALXX:7:2111:10622:21755	1004623	1004728	105
E00121:9:H00UWALXX:7:1110:9282:42183	1004619	1004729	110
E00125:9:H05MEALXX:7:2101:31703:56687	1004583	1004730	147
E00170:22:H00WVALXX:1:2204:6998:21104	1004678	1004731	53
E00125:9:H05MEALXX:7:1104:22660:1994	1004677	1004733	56
E00170:22:H00WVALXX:1:2217:14489:26730	1004630	1004734	104
E00125:9:H05MEALXX:7:1201:12144:28259	1004657	1004735	78
E00121:9:H00UWALXX:7:1102:4481:27750	1004656	1004736	80
E00170:22:H00WVALXX:1:1217:17981:10556	1004658	1004737	79
E00125:9:H05MEALXX:7:1218:4765:8341	1004612	1004738	126
E00170:22:H00WVALXX:1:1109:12753:22423	1004638	1004741	103
E00121:9:H00UWALXX:7:1103:10774:38720	1004626	1004743	117
E00125:9:H05MEALXX:7:2108:21493:25464	1004637	1004744	107
E00170:22:H00WVALXX:1:1212:25705:3717	1004739	1004745	6
E00170:22:H00WVALXX:1:1214:7008:28822	1004675	1004748	73
E00121:9:H00UWALXX:7:1110:11606:6864	1004673	1004749	76
E00125:9:H05MEALXX:7:1222:15169:4702	1004662	1004756	94
E00121:9:H00UWALXX:7:1201:9800:16674	1004652	1004757	105
E00125:9:H05MEALXX:7:1105:29501:59482	1004617	1004758	141
E00125:9:H05MEALXX:7:2115:22183:9290	1004755	1004759	4
E00125:9:H05MEALXX:7:1110:15595:8710	1004676	1004761	85
E00170:22:H00WVALXX:1:2123:26019:56968	1004684	1004764	80
E00170:22:H00WVALXX:1:1104:20163:64686	1004751	1004765	14
E00170:22:H00WVALXX:1:2204:27745:59500	1004627	1004766	139
E00121:9:H00UWALXX:7:1106:6978:28171	1004704	1004768	64
E00121:9:H00UWALXX:7:1107:17564:31740	1004732	1004770	38
E00121:9:H00UWALXX:7:1104:31297:27398	1004762	1004775	13
E00170:22:H00WVALXX:1:1115:6044:21702	1004776	1004777	1
E00170:22:H00WVALXX:1:1212:23188:38069	1004647	1004778	131
E00170:22:H00WVALXX:1:1112:17534:9114	1004779	1004780	1
E00170:22:H00WVALXX:1:2124:24832:52309	1004774	1004784	10
E00125:9:H05MEALXX:7:2109:7983:24216	1004720	1004789	69
E00121:9:H00UWALXX:7:1121:10480:47457	1004611	1004791	180
E00125:9:H05MEALXX:7:2218:29298:10046	1004782	1004792	10
E00125:9:H05MEALXX:7:1104:7364:16604	1004706	1004793	87
E00170:22:H00WVALXX:1:1203:18651:8341	1004767	1004796	29
E00121:9:H00UWALXX:7:1106:23928:29402	1004788	1004798	10
E00170:22:H00WVALXX:1:1120:31267:64967	1004760	1004800	40
E00170:22:H00WVALXX:1:2213:3598:23864	1004801	1004802	1
E00121:9:H00UWALXX:7:1105:12733:40319	1004687	1004808	121
E00170:22:H00WVALXX:1:1209:12043:37647	1004703	1004809	106
E00121:9:H00UWALXX:7:1106:6471:60906	1004750	1004813	63
E00170:22:H00WVALXX:1:1202:23411:53364	1004603	1004814	211
E00170:22:H00WVALXX:1:1214:27999:61381	1004709	1004818	109
E00170:22:H00WVALXX:1:2208:8155:20155	1004710	1004819	109
E00170:22:H00WVALXX:1:1220:14022:44908	1004753	1004820	67
E00125:9:H05MEALXX:7:1109:32647:18309	1004783	1004821	38
E00170:22:H00WVALXX:1:2214:12327:29420	1004763	1004827	64
E00125:9:H05MEALXX:7:2105:31074:42025	1004747	1004831	84
E00170:22:H00WVALXX:1:1108:20965:41427	1004832	1004833	1
E00170:22:H00WVALXX:1:1105:22467:64879	1004740	1004836	96
E00170:22:H00WVALXX:1:1219:24274:37313	1004839	1004840	1
E00170:22:H00WVALXX:1:2224:17950:32303	1004742	1004842	100
E00170:22:H00WVALXX:1:1212:5750:55755	1004837	1004843	6
E00170:22:H00WVALXX:1:1123:8450:7128	1004806	1004845	39
E00170:22:H00WVALXX:1:1214:28090:61433	1004830	1004846	16
E00125:9:H05MEALXX:7:2221:6237:12613	1004785	1004847	62
E00125:9:H05MEALXX:7:2107:14357:35573	1004799	1004849	50
E00170:22:H00WVALXX:1:1208:27968:56019	1004773	1004850	77
E00170:22:H00WVALXX:1:2113:13261:17852	1004781	1004851	70
E00170:22:H00WVALXX:1:1203:11657:34026	1004844	1004852	8
E00170:22:H00WVALXX:1:1122:11850:63227	1004853	1004855	2
E00170:22:H00WVALXX:1:2215:11637:46191	1004854	1004856	2
E00170:22:H00WVALXX:1:1114:27410:11312	1004795	1004857	62
E00170:22:H00WVALXX:1:2109:26710:33551	1004746	1004860	114
E00170:22:H00WVALXX:1:1121:9201:63947	1004826	1004861	35
E00125:9:H05MEALXX:7:1106:11525:69766	1004794	1004864	70
E00125:9:H05MEALXX:7:2122:2888:17008	1004825	1004865	40
E00170:22:H00WVALXX:1:1205:13190:29929	1004822	1004866	44
E00125:9:H05MEALXX:7:2202:10916:59394	1004772	1004867	95
E00170:22:H00WVALXX:1:1111:7110:22141	1004815	1004868	53
E00170:22:H00WVALXX:1:2105:16387:8042	1004862	1004869	7
E00170:22:H00WVALXX:1:2105:16407:8042	1004863	1004870	7
E00170:22:H00WVALXX:1:2110:3700:42781	1004835	1004872	37
E00170:22:H00WVALXX:1:1217:31846:25640	1004807	1004873	66
E00170:22:H00WVALXX:1:2221:26791:59816	1004769	1004874	105
E00170:22:H00WVALXX:1:2106:5364:64615	1004787	1004875	88
E00170:22:H00WVALXX:1:1102:12073:16885	1004804	1004876	72
E00170:22:H00WVALXX:1:1117:30008:32338	1004805	1004877	72
E00170:22:H00WVALXX:1:2115:23837:53751	1004786	1004878	92
E00170:22:H00WVALXX:1:2124:28587:71788	1004879	1004880	1
E00125:9:H05MEALXX:7:2117:7475:41585	1004803	1004882	79
E00170:22:H00WVALXX:1:2106:4938:64615	1004881	1004883	2
E00125:9:H05MEALXX:7:2115:22051:9132	1004754	1004884	130
E00121:9:H00UWALXX:7:1115:1213:14283	1004885	1004886	1
E00125:9:H05MEALXX:7:2211:28080:13246	1004771	1004887	116
E00121:9:H00UWALXX:7:1115:31622:71595	1004841	1004888	47
E00170:22:H00WVALXX:1:2216:6176:37999	1004752	1004889	137
E00121:9:H00UWALXX:7:1115:32505:39933	1004811	1004890	79
E00125:9:H05MEALXX:7:2101:15372:53716	1004810	1004891	81
E00125:9:H05MEALXX:7:2217:2776:3559	1004834	1004892	58
E00125:9:H05MEALXX:7:2209:23908:10345	1004871	1004893	22
E00170:22:H00WVALXX:1:1124:11677:44082	1004797	1004897	100
E00170:22:H00WVALXX:1:1122:9059:18766	1004816	1004899	83
E00170:22:H00WVALXX:1:1206:13555:23917	1004817	1004900	83
E00125:9:H05MEALXX:7:2101:9546:60150	1004848	1004904	56
E00125:9:H05MEALXX:7:1109:30577:14969	1004858	1004909	51
E00170:22:H00WVALXX:1:2214:21411:37981	1004859	1004910	51
E00170:22:H00WVALXX:1:2207:23776:8112	1004829	1004911	82
E00170:22:H00WVALXX:1:2219:24933:70171	1004823	1004912	89
E00170:22:H00WVALXX:1:2109:15636:63244	1004824	1004916	92
E00170:22:H00WVALXX:1:2203:32292:29332	1004894	1004917	23
E00170:22:H00WVALXX:1:1115:25248:3383	1004838	1004925	87
E00121:9:H00UWALXX:7:2101:16539:48459	1004790	1004929	139
E00170:22:H00WVALXX:1:1205:20427:25693	1004828	1004932	104
E00170:22:H00WVALXX:1:2120:30678:57935	1004812	1004942	130
E00170:22:H00WVALXX:1:1112:28303:35186	1004898	1004943	45
E00170:22:H00WVALXX:1:1222:9698:28980	1004907	1004945	38
E00121:9:H00UWALXX:7:1108:32109:26870	1004928	1004953	25
E00121:9:H00UWALXX:7:2101:16834:44925	1004905	1004956	51
E00170:22:H00WVALXX:1:2113:31643:16357	1004901	1004958	57
E00121:9:H00UWALXX:7:1107:28019:50657	1004933	1004959	26
E00170:22:H00WVALXX:1:2116:10399:62189	1004934	1004960	26
E00121:9:H00UWALXX:7:1119:22030:37718	1004920	1004965	45
E00170:22:H00WVALXX:1:2215:12733:53962	1004964	1004966	2
E00170:22:H00WVALXX:1:2114:29643:68272	1004914	1004967	53
E00170:22:H00WVALXX:1:1103:29947:65600	1004923	1004968	45
E00170:22:H00WVALXX:1:1208:30029:33569	1004924	1004969	45
E00170:22:H00WVALXX:1:1215:6044:47299	1004946	1004970	24
E00170:22:H00WVALXX:1:2218:13586:48477	1004947	1004971	24
E00170:22:H00WVALXX:1:1111:19320:4965	1004896	1004972	76
E00170:22:H00WVALXX:1:2108:31399:40829	1004906	1004973	67
E00170:22:H00WVALXX:1:1104:26699:5827	1004927	1004974	47
E00125:9:H05MEALXX:7:2204:13850:63912	1004895	1004975	80
E00170:22:H00WVALXX:1:2121:14692:5176	1004936	1004977	41
E00170:22:H00WVALXX:1:1112:12155:34500	1004930	1004979	49
E00121:9:H00UWALXX:7:1101:30820:45031	1004931	1004982	51
E00121:9:H00UWALXX:7:1104:16621:66250	1004902	1004985	83
E00125:9:H05MEALXX:7:1102:12550:70769	1004941	1004986	45
E00170:22:H00WVALXX:1:2219:3060:71560	1004926	1004992	66
E00170:22:H00WVALXX:1:1116:28922:3207	1004918	1004993	75
E00170:22:H00WVALXX:1:2215:30902:2135	1004950	1004994	44
E00170:22:H00WVALXX:1:1201:23543:32567	1004939	1004995	56
E00170:22:H00WVALXX:1:1201:23563:32567	1004940	1004996	56
E00121:9:H00UWALXX:7:1117:18803:39581	1004935	1004997	62
E00170:22:H00WVALXX:1:1223:27288:41691	1004919	1004998	79
E00170:22:H00WVALXX:1:2119:17493:59183	1004921	1005003	82
E00170:22:H00WVALXX:1:2108:8714:1291	1004915	1005005	90
E00121:9:H00UWALXX:7:1120:3669:21385	1004913	1005006	93
E00121:9:H00UWALXX:7:1110:8216:42060	1004954	1005008	54
E00170:22:H00WVALXX:1:2112:2492:36786	1004948	1005009	61
E00121:9:H00UWALXX:7:1118:7891:14670	1004908	1005010	102
E00170:22:H00WVALXX:1:1118:28131:10661	1004962	1005011	49
E00170:22:H00WVALXX:1:1213:15849:28312	1004957	1005012	55
E00125:9:H05MEALXX:7:2104:5060:71015	1004938	1005013	75
E00170:22:H00WVALXX:1:1106:9719:37454	1004922	1005014	92
E00121:9:H00UWALXX:7:1113:24345:23091	1004952	1005017	65
E00170:22:H00WVALXX:1:1213:9110:71841	1004903	1005018	115
E00125:9:H05MEALXX:7:1108:11870:37278	1004937	1005021	84
E00125:9:H05MEALXX:7:1105:25705:52977	1004963	1005022	59
E00170:22:H00WVALXX:1:2220:11231:58076	1004944	1005023	79
E00170:22:H00WVALXX:1:1218:14509:4930	1004949	1005027	78
E00121:9:H00UWALXX:7:1122:7567:28980	1004989	1005039	50
E00170:22:H00WVALXX:1:1211:24466:42956	1004990	1005040	50
E00170:22:H00WVALXX:1:1211:24659:43009	1004991	1005041	50
E00170:22:H00WVALXX:1:2214:22294:59095	1004951	1005043	92
E00170:22:H00WVALXX:1:1205:30577:1502	1004988	1005045	57
E00121:9:H00UWALXX:7:1120:29044:15936	1004961	1005047	86
E00170:22:H00WVALXX:1:2123:8186:44468	1004955	1005048	93
E00170:22:H00WVALXX:1:1103:8034:11540	1005000	1005050	50
E00170:22:H00WVALXX:1:1103:8054:11576	1005001	1005051	50
E00170:22:H00WVALXX:1:1103:8084:11593	1005002	1005052	50
E00121:9:H00UWALXX:7:1115:11637:49778	1004980	1005053	73
E00125:9:H05MEALXX:7:2211:24456:71946	1004978	1005056	78
E00170:22:H00WVALXX:1:1209:14134:60783	1005004	1005058	54
E00170:22:H00WVALXX:1:1103:31835:16973	1004983	1005060	77
E00170:22:H00WVALXX:1:2201:31155:43748	1004984	1005061	77
E00170:22:H00WVALXX:1:1120:8084:3401	1004987	1005062	75
E00125:9:H05MEALXX:7:1208:16702:45611	1005024	1005065	41
E00170:22:H00WVALXX:1:1219:17575:3770	1005029	1005066	37
E00170:22:H00WVALXX:1:1213:28932:35186	1004976	1005073	97
E00170:22:H00WVALXX:1:1214:27654:51219	1004981	1005077	96
E00121:9:H00UWALXX:7:1109:19797:7268	1005028	1005078	50
E00125:9:H05MEALXX:7:1114:24629:7761	1004999	1005081	82
E00170:22:H00WVALXX:1:1212:21878:2328	1005044	1005082	38
E00125:9:H05MEALXX:7:2216:19341:62277	1005015	1005083	68
E00170:22:H00WVALXX:1:1205:7354:59552	1005016	1005084	68
E00170:22:H00WVALXX:1:1202:12439:45787	1005025	1005085	60
E00121:9:H00UWALXX:7:1109:15666:69977	1005020	1005087	67
E00170:22:H00WVALXX:1:2219:31176:64598	1005031	1005091	60
E00170:22:H00WVALXX:1:2219:31480:64317	1005032	1005092	60
E00125:9:H05MEALXX:7:2112:9404:21122	1005019	1005093	74
E00170:22:H00WVALXX:1:2220:11850:10134	1005036	1005094	58
E00121:9:H00UWALXX:7:1117:6014:31986	1005070	1005095	25
E00121:9:H00UWALXX:7:1122:6805:10609	1005054	1005097	43
E00121:9:H00UWALXX:7:1115:15727:45646	1005042	1005100	58
E00170:22:H00WVALXX:1:2224:7404:13545	1005071	1005103	32
E00170:22:H00WVALXX:1:2116:32292:36821	1005026	1005106	80
E00170:22:H00WVALXX:1:2102:15717:6319	1005007	1005107	100
E00170:22:H00WVALXX:1:2203:20782:21350	1005037	1005108	71
E00170:22:H00WVALXX:1:1201:14438:35186	1005089	1005110	21
E00170:22:H00WVALXX:1:1201:14469:35204	1005090	1005111	21
E00170:22:H00WVALXX:1:1119:31663:57038	1005101	1005112	11
E00170:22:H00WVALXX:1:1119:31764:56863	1005102	1005113	11
E00170:22:H00WVALXX:1:1220:22903:42886	1005049	1005114	65
E00170:22:H00WVALXX:1:1205:12581:24726	1005033	1005115	82
E00170:22:H00WVALXX:1:1101:25451:71665	1005067	1005117	50
E00170:22:H00WVALXX:1:2216:17118:68764	1005064	1005119	55
E00170:22:H00WVALXX:1:1115:22447:37102	1005030	1005120	90
E00170:22:H00WVALXX:1:1203:10043:41954	1005038	1005121	83
E00170:22:H00WVALXX:1:1211:8115:15654	1005076	1005122	46
E00170:22:H00WVALXX:1:1114:29481:17430	1005034	1005125	91
E00170:22:H00WVALXX:1:1204:22954:10837	1005035	1005126	91
E00125:9:H05MEALXX:7:1204:24791:26326	1005088	1005134	46
E00125:9:H05MEALXX:7:2217:3233:39229	1005133	1005142	9
E00170:22:H00WVALXX:1:1117:14012:61908	1005137	1005144	7
E00170:22:H00WVALXX:1:1122:18590:42798	1005138	1005145	7
E00170:22:H00WVALXX:1:2101:24040:60677	1005139	1005146	7
E00170:22:H00WVALXX:1:2218:16651:71648	1005140	1005147	7
E00121:9:H00UWALXX:7:1105:24517:39774	1005079	1005148	69
E00121:9:H00UWALXX:7:1112:18519:40812	1005074	1005149	75
E00121:9:H00UWALXX:7:1112:18904:40741	1005075	1005150	75
E00121:9:H00UWALXX:7:1113:25989:52661	1005069	1005151	82
E00125:9:H05MEALXX:7:1214:23167:63666	1005046	1005153	107
E00170:22:H00WVALXX:1:1106:24040:42359	1005109	1005154	45
E00170:22:H00WVALXX:1:1108:4126:45629	1005099	1005155	56
E00170:22:H00WVALXX:1:1123:11901:35116	1005059	1005156	97
E00170:22:H00WVALXX:1:1203:17859:70399	1005057	1005157	100
E00170:22:H00WVALXX:1:2205:6024:12314	1005072	1005158	86
E00170:22:H00WVALXX:1:2209:25745:66620	1005096	1005159	63
E00170:22:H00WVALXX:1:2216:11444:32531	1005098	1005160	62
E00121:9:H00UWALXX:7:1119:2207:72579	1005104	1005163	59
E00125:9:H05MEALXX:7:2113:4735:53223	1005068	1005164	96
E00170:22:H00WVALXX:1:2223:14651:59886	1005141	1005165	24
E00170:22:H00WVALXX:1:1220:9729:47879	1005105	1005166	61
E00170:22:H00WVALXX:1:2216:15930:10626	1005055	1005167	112
E00170:22:H00WVALXX:1:2205:15484:67516	1005063	1005168	105
E00170:22:H00WVALXX:1:2203:16661:37841	1005086	1005177	91
E00170:22:H00WVALXX:1:1221:10419:67815	1005128	1005180	52
E00170:22:H00WVALXX:1:2114:28598:22264	1005116	1005182	66
E00170:22:H00WVALXX:1:2216:5730:37964	1005123	1005185	62
E00170:22:H00WVALXX:1:1103:5384:29244	1005143	1005188	45
E00170:22:H00WVALXX:1:2211:3192:63842	1005130	1005189	59
E00121:9:H00UWALXX:7:1112:29704:41023	1005135	1005190	55
E00170:22:H00WVALXX:1:1202:13109:28312	1005132	1005192	60
E00170:22:H00WVALXX:1:1116:14042:58199	1005127	1005196	69
E00170:22:H00WVALXX:1:1122:17189:30176	1005124	1005197	73
E00125:9:H05MEALXX:7:1110:26415:18942	1005131	1005203	72
E00170:22:H00WVALXX:1:2111:18305:7602	1005171	1005206	35
E00170:22:H00WVALXX:1:1101:8937:50832	1005161	1005207	46
E00170:22:H00WVALXX:1:1111:19270:24216	1005173	1005208	35
E00170:22:H00WVALXX:1:1205:29846:32127	1005118	1005210	92
E00125:9:H05MEALXX:7:2218:28313:71419	1005179	1005214	35
E00170:22:H00WVALXX:1:1109:12824:12595	1005136	1005215	79
E00170:22:H00WVALXX:1:2117:8643:28418	1005176	1005217	41
E00170:22:H00WVALXX:1:2116:25522:47246	1005172	1005218	46
E00170:22:H00WVALXX:1:1109:8714:9554	1005170	1005221	51
E00170:22:H00WVALXX:1:1215:22345:36329	1005187	1005225	38
E00170:22:H00WVALXX:1:1110:21949:29631	1005184	1005227	43
E00170:22:H00WVALXX:1:1119:28405:25236	1005193	1005236	43
E00170:22:H00WVALXX:1:1210:10693:69028	1005175	1005238	63
E00125:9:H05MEALXX:7:1213:4948:67762	1005178	1005240	62
E00170:22:H00WVALXX:1:2224:13068:38931	1005181	1005242	61
E00170:22:H00WVALXX:1:1116:16773:41093	1005191	1005243	52
E00170:22:H00WVALXX:1:1111:16235:33164	1005162	1005244	82
E00125:9:H05MEALXX:7:1119:27552:26079	1005174	1005246	72
E00170:22:H00WVALXX:1:1201:20173:61187	1005186	1005247	61
E00170:22:H00WVALXX:1:2204:7171:10257	1005183	1005251	68
E00121:9:H00UWALXX:7:1123:25157:41867	1005222	1005254	32
E00170:22:H00WVALXX:1:1206:18376:33920	1005223	1005255	32
E00170:22:H00WVALXX:1:2111:3852:53206	1005224	1005256	32
E00121:9:H00UWALXX:7:1105:26395:57478	1005169	1005259	90
E00170:22:H00WVALXX:1:2102:12358:3629	1005129	1005260	131
E00121:9:H00UWALXX:7:1101:22223:59921	1005201	1005264	63
E00121:9:H00UWALXX:7:1101:1923:33938	1005194	1005265	71
E00125:9:H05MEALXX:7:2110:2979:52151	1005195	1005266	71
E00170:22:H00WVALXX:1:2118:21452:30211	1005237	1005270	33
E00170:22:H00WVALXX:1:1102:8683:51694	1005232	1005273	41
E00170:22:H00WVALXX:1:1116:32495:37454	1005204	1005274	70
E00170:22:H00WVALXX:1:1215:12418:31828	1005205	1005275	70
E00170:22:H00WVALXX:1:1107:10987:10187	1005219	1005278	59
E00170:22:H00WVALXX:1:1217:18021:19803	1005220	1005279	59
E00170:22:H00WVALXX:1:2109:32008:44170	1005235	1005280	45
E00170:22:H00WVALXX:1:2206:3030:67885	1005231	1005284	53
E00170:22:H00WVALXX:1:1223:6308:34500	1005239	1005292	53
E00170:22:H00WVALXX:1:1107:19493:64651	1005212	1005296	84
E00121:9:H00UWALXX:7:1109:14733:59535	1005248	1005298	50
E00170:22:H00WVALXX:1:1207:27298:24022	1005226	1005301	75
E00170:22:H00WVALXX:1:2217:26263:68923	1005269	1005305	36
E00121:9:H00UWALXX:7:1119:1812:10995	1005252	1005309	57
E00170:22:H00WVALXX:1:2114:28039:49391	1005253	1005310	57
E00170:22:H00WVALXX:1:1215:6186:37770	1005213	1005311	98
E00170:22:H00WVALXX:1:2202:3314:1889	1005271	1005314	43
E00170:22:H00WVALXX:1:1120:29318:42710	1005209	1005315	106
E00170:22:H00WVALXX:1:1120:27532:58919	1005267	1005316	49
E00170:22:H00WVALXX:1:2112:31429:19750	1005297	1005317	20
E00170:22:H00WVALXX:1:2107:22447:17412	1005257	1005319	62
E00170:22:H00WVALXX:1:2110:5445:25552	1005258	1005320	62
E00170:22:H00WVALXX:1:1116:24598:35801	1005245	1005323	78
E00125:9:H05MEALXX:7:1103:31815:48582	1005233	1005324	91
E00121:9:H00UWALXX:7:1103:5933:57232	1005282	1005325	43
E00170:22:H00WVALXX:1:1223:13373:17061	1005283	1005326	43
E00170:22:H00WVALXX:1:1106:18397:10574	1005228	1005327	99
E00170:22:H00WVALXX:1:1202:16397:58937	1005263	1005328	65
E00170:22:H00WVALXX:1:1206:18275:47000	1005288	1005329	41
E00170:22:H00WVALXX:1:2215:19249:19047	1005229	1005331	102
E00170:22:H00WVALXX:1:1207:20335:61961	1005249	1005332	83
E00125:9:H05MEALXX:7:1205:29552:32391	1005286	1005333	47
E00170:22:H00WVALXX:1:2109:22041:66497	1005216	1005340	124
E00170:22:H00WVALXX:1:2209:20538:53593	1005302	1005341	39
E00170:22:H00WVALXX:1:2214:7120:69345	1005268	1005342	74
E00170:22:H00WVALXX:1:1210:31379:3278	1005241	1005343	102
E00170:22:H00WVALXX:1:2122:17514:14107	1005250	1005344	94
E00170:22:H00WVALXX:1:2213:29064:32180	1005287	1005345	58
E00170:22:H00WVALXX:1:2201:18062:34993	1005318	1005352	34
E00125:9:H05MEALXX:7:2113:30110:67569	1005294	1005353	59
E00125:9:H05MEALXX:7:2113:30191:67780	1005295	1005354	59
E00170:22:H00WVALXX:1:2223:24274:71454	1005261	1005355	94
E00125:9:H05MEALXX:7:2101:4877:39968	1005272	1005357	85
E00170:22:H00WVALXX:1:2214:23198:8341	1005234	1005358	124
E00170:22:H00WVALXX:1:1102:23015:10802	1005276	1005363	87
E00170:22:H00WVALXX:1:2208:31216:66075	1005339	1005364	25
E00170:22:H00WVALXX:1:2117:12185:24357	1005281	1005366	85
E00170:22:H00WVALXX:1:2223:1994:35538	1005321	1005367	46
E00170:22:H00WVALXX:1:2223:2563:35960	1005322	1005368	46
E00121:9:H00UWALXX:7:1102:22893:12455	1005262	1005370	108
E00125:9:H05MEALXX:7:2205:6917:48600	1005299	1005373	74
E00170:22:H00WVALXX:1:2102:8988:41146	1005290	1005375	85
E00170:22:H00WVALXX:1:1115:19067:49039	1005306	1005376	70
E00170:22:H00WVALXX:1:2205:11424:27081	1005313	1005377	64
E00125:9:H05MEALXX:7:1120:25126:10943	1005277	1005378	101
E00170:22:H00WVALXX:1:1212:5516:38298	1005304	1005385	81
E00125:9:H05MEALXX:7:1116:32434:17588	1005312	1005387	75
E00170:22:H00WVALXX:1:1123:4522:17975	1005289	1005389	100
E00121:9:H00UWALXX:7:1109:13606:41445	1005303	1005392	89
E00125:9:H05MEALXX:7:1210:19635:12578	1005330	1005393	63
E00170:22:H00WVALXX:1:1212:19960:6284	1005285	1005395	110
E00170:22:H00WVALXX:1:1113:20153:54788	1005336	1005396	60
E00170:22:H00WVALXX:1:1113:20315:54823	1005337	1005397	60
E00121:9:H00UWALXX:7:1117:12337:69485	1005335	1005399	64
E00170:22:H00WVALXX:1:2207:14469:29050	1005293	1005400	107
E00170:22:H00WVALXX:1:1113:26324:8411	1005351	1005401	50
E00125:9:H05MEALXX:7:2207:6572:20717	1005350	1005403	53
E00170:22:H00WVALXX:1:1106:10074:60220	1005360	1005404	44
E00170:22:H00WVALXX:1:1110:2786:56845	1005381	1005405	24
E00170:22:H00WVALXX:1:2121:16661:43115	1005361	1005406	45
E00170:22:H00WVALXX:1:1113:8247:55720	1005300	1005407	107
E00170:22:H00WVALXX:1:1218:21036:67921	1005356	1005409	53
E00125:9:H05MEALXX:7:2116:3162:66004	1005334	1005410	76
E00170:22:H00WVALXX:1:2119:4603:61890	1005338	1005411	73
E00170:22:H00WVALXX:1:1109:5283:28224	1005307	1005413	106
E00170:22:H00WVALXX:1:2102:28760:21245	1005308	1005414	106
E00170:22:H00WVALXX:1:1202:24842:48916	1005291	1005416	125
E00170:22:H00WVALXX:1:1210:18996:57636	1005349	1005417	68
E00170:22:H00WVALXX:1:1219:10003:35344	1005347	1005418	71
E00170:22:H00WVALXX:1:1122:10470:14599	1005372	1005419	47
E00170:22:H00WVALXX:1:1208:21696:25534	1005374	1005420	46
E00170:22:H00WVALXX:1:2109:26923:15637	1005390	1005421	31
E00121:9:H00UWALXX:7:1108:19838:22458	1005371	1005426	55
E00125:9:H05MEALXX:7:1116:29613:57109	1005346	1005437	91
E00125:9:H05MEALXX:7:2214:17717:2434	1005348	1005441	93
E00170:22:H00WVALXX:1:2216:5080:59166	1005362	1005442	80
E00170:22:H00WVALXX:1:2208:18559:45769	1005359	1005443	84
E00121:9:H00UWALXX:7:1109:14174:38315	1005391	1005447	56
E00125:9:H05MEALXX:7:1114:3598:58497	1005388	1005448	60
E00170:22:H00WVALXX:1:1217:23391:6917	1005384	1005449	65
E00121:9:H00UWALXX:7:1104:18305:30176	1005379	1005452	73
E00170:22:H00WVALXX:1:1107:29146:6020	1005380	1005453	73
E00170:22:H00WVALXX:1:1117:27623:24902	1005383	1005454	71
E00125:9:H05MEALXX:7:2214:14459:67323	1005369	1005456	87
E00121:9:H00UWALXX:7:1123:6176:31881	1005408	1005457	49
E00170:22:H00WVALXX:1:2209:11353:29631	1005365	1005458	93
E00170:22:H00WVALXX:1:2103:12916:57408	1005402	1005460	58
E00125:9:H05MEALXX:7:2114:7922:52942	1005424	1005463	39
E00121:9:H00UWALXX:7:1102:14398:18274	1005432	1005464	32
E00170:22:H00WVALXX:1:1223:24020:2170	1005439	1005465	26
E00170:22:H00WVALXX:1:1205:8490:65248	1005415	1005467	52
E00170:22:H00WVALXX:1:2115:31602:15443	1005423	1005470	47
E00170:22:H00WVALXX:1:1201:17910:59658	1005394	1005472	78
E00125:9:H05MEALXX:7:2222:13464:42886	1005430	1005473	43
E00170:22:H00WVALXX:1:2104:21472:25359	1005386	1005475	89
E00170:22:H00WVALXX:1:2215:23005:35713	1005398	1005476	78
E00170:22:H00WVALXX:1:2204:3192:29912	1005440	1005478	38
E00170:22:H00WVALXX:1:2201:12418:51799	1005445	1005485	40
E00170:22:H00WVALXX:1:2106:13515:60554	1005434	1005486	52
E00170:22:H00WVALXX:1:2106:13535:60590	1005435	1005487	52
E00121:9:H00UWALXX:7:1112:18620:14019	1005444	1005488	44
E00170:22:H00WVALXX:1:1103:20234:34711	1005412	1005489	77
E00170:22:H00WVALXX:1:2217:21553:2680	1005422	1005490	68
E00125:9:H05MEALXX:7:2209:12165:39335	1005446	1005493	47
E00170:22:H00WVALXX:1:1119:24294:68008	1005425	1005495	70
E00121:9:H00UWALXX:7:1104:24071:34887	1005436	1005496	60
E00121:9:H00UWALXX:7:1118:19706:27433	1005481	1005497	16
E00125:9:H05MEALXX:7:2124:17564:8288	1005498	1005502	4
E00125:9:H05MEALXX:7:2124:19889:47193	1005499	1005503	4
E00125:9:H05MEALXX:7:2206:20305:31318	1005500	1005504	4
E00170:22:H00WVALXX:1:2215:22152:28330	1005501	1005505	4
E00170:22:H00WVALXX:1:1104:10378:48582	1005427	1005510	83
E00170:22:H00WVALXX:1:2224:6755:6759	1005468	1005511	43
E00170:22:H00WVALXX:1:2224:6775:6759	1005469	1005512	43
E00170:22:H00WVALXX:1:2217:26192:4667	1005429	1005514	85
E00170:22:H00WVALXX:1:1207:18914:32672	1005431	1005515	84
E00125:9:H05MEALXX:7:2222:29856:11330	1005492	1005526	34
E00125:9:H05MEALXX:7:1117:6196:68342	1005461	1005527	66
E00170:22:H00WVALXX:1:1105:24994:4034	1005474	1005528	54
E00125:9:H05MEALXX:7:1208:2735:24444	1005517	1005529	12
E00170:22:H00WVALXX:1:2210:10937:46174	1005438	1005531	93
E00125:9:H05MEALXX:7:1202:10419:27310	1005450	1005533	83
E00170:22:H00WVALXX:1:2111:17402:13105	1005428	1005539	111
E00170:22:H00WVALXX:1:1104:26344:41673	1005482	1005540	58
E00170:22:H00WVALXX:1:1211:16468:59412	1005459	1005541	82
E00170:22:H00WVALXX:1:1220:12550:40284	1005433	1005554	121
E00125:9:H05MEALXX:7:1116:28161:1115	1005455	1005556	101
E00121:9:H00UWALXX:7:1115:10683:60607	1005479	1005557	78
E00125:9:H05MEALXX:7:2212:7140:22440	1005491	1005562	71
E00121:9:H00UWALXX:7:1106:32018:55931	1005520	1005565	45
E00170:22:H00WVALXX:1:2210:5730:19118	1005506	1005566	60
E00170:22:H00WVALXX:1:1221:25431:16357	1005480	1005568	88
E00170:22:H00WVALXX:1:2102:32008:20014	1005471	1005569	98
E00170:22:H00WVALXX:1:2212:21401:40530	1005451	1005576	125
E00125:9:H05MEALXX:7:1207:31663:38895	1005525	1005581	56
E00170:22:H00WVALXX:1:2206:15758:72843	1005494	1005582	88
E00121:9:H00UWALXX:7:1114:12033:26449	1005513	1005583	70
E00121:9:H00UWALXX:7:1120:31500:13650	1005523	1005584	61
E00125:9:H05MEALXX:7:1119:5161:33991	1005518	1005589	71
E00125:9:H05MEALXX:7:1124:5983:58621	1005483	1005592	109
E00170:22:H00WVALXX:1:1219:7435:40390	1005508	1005594	86
E00170:22:H00WVALXX:1:1219:8105:39792	1005509	1005595	86
E00170:22:H00WVALXX:1:2206:11525:46877	1005545	1005596	51
E00121:9:H00UWALXX:7:1114:6136:19469	1005484	1005597	113
E00170:22:H00WVALXX:1:1201:29714:48565	1005522	1005598	76
E00170:22:H00WVALXX:1:1112:32526:36452	1005524	1005600	76
E00170:22:H00WVALXX:1:2119:6247:1766	1005466	1005602	136
E00170:22:H00WVALXX:1:1203:5070:15795	1005572	1005605	33
E00121:9:H00UWALXX:7:1115:18864:72773	1005536	1005606	70
E00125:9:H05MEALXX:7:1215:20315:47475	1005537	1005607	70
E00125:9:H05MEALXX:7:1223:25289:13158	1005544	1005609	65
E00170:22:H00WVALXX:1:2224:19188:20243	1005558	1005610	52
E00125:9:H05MEALXX:7:2222:31237:23108	1005534	1005611	77
E00125:9:H05MEALXX:7:2122:30059:50745	1005563	1005612	49
E00170:22:H00WVALXX:1:1121:13931:45383	1005462	1005613	151
E00125:9:H05MEALXX:7:2203:29430:19311	1005521	1005617	96
E00170:22:H00WVALXX:1:1108:26852:32074	1005555	1005618	63
E00170:22:H00WVALXX:1:2201:19554:13457	1005538	1005619	81
E00170:22:H00WVALXX:1:2118:5699:59500	1005547	1005620	73
E00170:22:H00WVALXX:1:2118:5770:59447	1005548	1005621	73
E00170:22:H00WVALXX:1:2118:5790:59412	1005549	1005622	73
E00170:22:H00WVALXX:1:2118:5892:59904	1005550	1005623	73
E00125:9:H05MEALXX:7:1201:30130:72738	1005507	1005624	117
E00170:22:H00WVALXX:1:1215:22731:72614	1005477	1005626	149
E00125:9:H05MEALXX:7:2213:30435:20208	1005530	1005627	97
E00170:22:H00WVALXX:1:2111:12307:44222	1005542	1005630	88
E00170:22:H00WVALXX:1:1211:28932:8569	1005551	1005631	80
E00170:22:H00WVALXX:1:1220:10794:35379	1005552	1005632	80
E00170:22:H00WVALXX:1:2113:16631:1713	1005585	1005635	50
E00121:9:H00UWALXX:7:1107:5303:4667	1005535	1005636	101
E00170:22:H00WVALXX:1:1123:9028:67587	1005567	1005637	70
E00170:22:H00WVALXX:1:1101:10439:21016	1005591	1005639	48
E00121:9:H00UWALXX:7:1123:2410:37594	1005590	1005640	50
E00125:9:H05MEALXX:7:1117:5740:14564	1005532	1005641	109
E00121:9:H00UWALXX:7:1120:12236:32672	1005570	1005642	72
E00170:22:H00WVALXX:1:1202:13667:34026	1005546	1005643	97
E00170:22:H00WVALXX:1:1107:14702:70593	1005573	1005645	72
E00170:22:H00WVALXX:1:1114:6917:31371	1005574	1005646	72
E00121:9:H00UWALXX:7:1116:11414:28998	1005553	1005648	95
E00170:22:H00WVALXX:1:1105:11353:39792	1005560	1005651	91
E00121:9:H00UWALXX:7:1115:12601:12841	1005559	1005652	93
E00170:22:H00WVALXX:1:2214:6298:71894	1005561	1005653	92
E00170:22:H00WVALXX:1:2104:31297:48987	1005578	1005656	78
E00170:22:H00WVALXX:1:1115:29572:12419	1005577	1005660	83
E00121:9:H00UWALXX:7:1102:15362:12736	1005543	1005666	123
E00170:22:H00WVALXX:1:1123:16245:35538	1005587	1005667	80
E00170:22:H00WVALXX:1:2107:4298:61996	1005588	1005668	80
E00170:22:H00WVALXX:1:1117:6136:43836	1005575	1005669	94
E00125:9:H05MEALXX:7:2122:21584:61275	1005593	1005673	80
E00170:22:H00WVALXX:1:1208:20843:12103	1005516	1005674	158
E00121:9:H00UWALXX:7:1111:1710:25341	1005564	1005676	112
E00170:22:H00WVALXX:1:2109:32282:26818	1005629	1005680	51
E00170:22:H00WVALXX:1:2206:17321:45453	1005579	1005681	102
E00125:9:H05MEALXX:7:2107:15068:29982	1005571	1005683	112
E00170:22:H00WVALXX:1:2107:19158:7954	1005616	1005685	69
E00170:22:H00WVALXX:1:2104:17514:42482	1005599	1005689	90
E00170:22:H00WVALXX:1:2216:6410:12525	1005604	1005692	88
E00170:22:H00WVALXX:1:1209:10835:10345	1005580	1005698	118
E00125:9:H05MEALXX:7:2106:23827:33270	1005615	1005700	85
E00170:22:H00WVALXX:1:1207:21696:39247	1005601	1005702	101
E00170:22:H00WVALXX:1:2221:17544:42253	1005614	1005703	89
E00170:22:H00WVALXX:1:2213:11495:41691	1005519	1005708	189
E00125:9:H05MEALXX:7:1104:14692:67411	1005650	1005709	59
E00121:9:H00UWALXX:7:1102:29349:34465	1005586	1005710	124
E00121:9:H00UWALXX:7:1110:8744:63965	1005661	1005711	50
E00125:9:H05MEALXX:7:1110:3872:38052	1005663	1005712	49
E00125:9:H05MEALXX:7:1213:3994:67868	1005662	1005713	51
E00170:22:H00WVALXX:1:2106:18468:14002	1005686	1005714	28
E00121:9:H00UWALXX:7:1102:2877:12736	1005647	1005716	69
E00121:9:H00UWALXX:7:1120:15707:51659	1005638	1005717	79
E00121:9:H00UWALXX:7:1111:27126:3682	1005649	1005718	69
E00125:9:H05MEALXX:7:2215:12368:21860	1005675	1005720	45
E00125:9:H05MEALXX:7:2223:24071:15162	1005658	1005723	65
E00170:22:H00WVALXX:1:2206:19361:2961	1005659	1005724	65
E00121:9:H00UWALXX:7:1101:20072:7567	1005657	1005725	68
E00121:9:H00UWALXX:7:1106:6288:39001	1005608	1005728	120
E00170:22:H00WVALXX:1:2111:25481:17043	1005603	1005730	127
E00125:9:H05MEALXX:7:1213:20802:65723	1005655	1005731	76
E00170:22:H00WVALXX:1:1211:31419:21807	1005644	1005736	92
E00125:9:H05MEALXX:7:2210:15027:15707	1005625	1005738	113
E00121:9:H00UWALXX:7:1113:17778:32953	1005654	1005739	85
E00170:22:H00WVALXX:1:2219:31744:44275	1005634	1005742	108
E00121:9:H00UWALXX:7:1121:29562:51465	1005664	1005743	79
E00170:22:H00WVALXX:1:1114:15484:67340	1005665	1005744	79
E00125:9:H05MEALXX:7:2220:12703:39142	1005670	1005745	75
E00170:22:H00WVALXX:1:2113:10429:57073	1005671	1005746	75
E00170:22:H00WVALXX:1:2219:31724:44275	1005633	1005747	114
E00170:22:H00WVALXX:1:1110:20203:32901	1005684	1005749	65
E00170:22:H00WVALXX:1:2101:20721:71700	1005734	1005758	24
E00125:9:H05MEALXX:7:2202:22183:58093	1005699	1005761	62
E00121:9:H00UWALXX:7:1103:4451:55052	1005733	1005763	30
E00170:22:H00WVALXX:1:2102:26547:64317	1005701	1005769	68
E00170:22:H00WVALXX:1:1109:19787:11576	1005678	1005771	93
E00125:9:H05MEALXX:7:1101:18529:34676	1005729	1005776	47
E00121:9:H00UWALXX:7:1122:8764:50674	1005687	1005777	90
E00121:9:H00UWALXX:7:1118:27288:70874	1005672	1005780	108
E00170:22:H00WVALXX:1:2104:18275:29736	1005628	1005781	153
E00121:9:H00UWALXX:7:1114:9252:71454	1005707	1005785	78
E00170:22:H00WVALXX:1:1105:25958:30738	1005677	1005788	111
E00170:22:H00WVALXX:1:1123:30678:24357	1005693	1005789	96
E00170:22:H00WVALXX:1:1216:25065:3454	1005705	1005790	85
E00170:22:H00WVALXX:1:2108:22853:66391	1005690	1005791	101
E00170:22:H00WVALXX:1:2121:15778:42394	1005697	1005792	95
E00170:22:H00WVALXX:1:2219:12682:34360	1005706	1005793	87
E00170:22:H00WVALXX:1:2223:29176:27908	1005695	1005794	99
E00170:22:H00WVALXX:1:2223:29156:27908	1005694	1005797	103
E00170:22:H00WVALXX:1:1114:27034:12068	1005759	1005798	39
E00170:22:H00WVALXX:1:1212:13312:50709	1005704	1005799	95
E00170:22:H00WVALXX:1:2108:31998:4878	1005691	1005800	109
E00170:22:H00WVALXX:1:2204:23857:60537	1005679	1005801	122
E00121:9:H00UWALXX:7:1104:29653:10591	1005696	1005806	110
E00170:22:H00WVALXX:1:1101:13961:42306	1005719	1005807	88
E00170:22:H00WVALXX:1:1124:8988:23776	1005750	1005808	58
E00170:22:H00WVALXX:1:2220:12611:59552	1005752	1005812	60
E00170:22:H00WVALXX:1:2118:4380:64774	1005722	1005814	92
E00170:22:H00WVALXX:1:1111:11393:58111	1005755	1005815	60
E00170:22:H00WVALXX:1:2216:13616:14494	1005756	1005816	60
E00170:22:H00WVALXX:1:1119:6257:23091	1005715	1005817	102
E00170:22:H00WVALXX:1:1213:9120:53329	1005735	1005820	85
E00121:9:H00UWALXX:7:1104:25390:66883	1005726	1005821	95
E00170:22:H00WVALXX:1:1108:28405:1748	1005727	1005822	95
E00170:22:H00WVALXX:1:2111:21452:29086	1005688	1005823	135
E00125:9:H05MEALXX:7:1107:14164:35766	1005682	1005824	142
E00170:22:H00WVALXX:1:2214:17219:64440	1005737	1005825	88
E00170:22:H00WVALXX:1:1110:27024:23583	1005740	1005826	86
E00170:22:H00WVALXX:1:1121:21614:44521	1005741	1005827	86
E00170:22:H00WVALXX:1:2217:24994:14054	1005757	1005828	71
E00121:9:H00UWALXX:7:1121:4918:62857	1005835	1005836	1
E00170:22:H00WVALXX:1:1108:9282:9237	1005767	1005838	71
E00170:22:H00WVALXX:1:2106:3334:58814	1005768	1005839	71
E00121:9:H00UWALXX:7:1104:4572:9343	1005778	1005843	65
E00125:9:H05MEALXX:7:2104:20285:72421	1005779	1005844	65
E00170:22:H00WVALXX:1:2108:20579:56230	1005721	1005845	124
E00121:9:H00UWALXX:7:1112:21472:57952	1005764	1005848	84
E00125:9:H05MEALXX:7:1205:17930:71331	1005774	1005853	79
E00125:9:H05MEALXX:7:2217:14702:2768	1005784	1005855	71
E00121:9:H00UWALXX:7:1105:17209:26484	1005732	1005856	124
E00121:9:H00UWALXX:7:1113:25126:69450	1005786	1005862	76
E00170:22:H00WVALXX:1:2105:7790:4579	1005787	1005863	76
E00121:9:H00UWALXX:7:1105:2370:9220	1005751	1005866	115
E00170:22:H00WVALXX:1:1120:15829:2328	1005753	1005868	115
E00170:22:H00WVALXX:1:1109:18691:39036	1005810	1005873	63
E00125:9:H05MEALXX:7:2206:8907:70399	1005748	1005874	126
E00170:22:H00WVALXX:1:1116:30252:9870	1005813	1005875	62
E00121:9:H00UWALXX:7:1123:17301:28365	1005775	1005877	102
E00170:22:H00WVALXX:1:2215:6065:32250	1005772	1005878	106
E00125:9:H05MEALXX:7:1102:32871:38878	1005818	1005880	62
E00125:9:H05MEALXX:7:1104:15362:46701	1005811	1005881	70
E00125:9:H05MEALXX:7:2218:8643:1414	1005803	1005883	80
E00170:22:H00WVALXX:1:1214:13007:16041	1005804	1005884	80
E00170:22:H00WVALXX:1:1214:13078:16129	1005805	1005885	80
E00125:9:H05MEALXX:7:2108:12997:21087	1005840	1005886	46
E00125:9:H05MEALXX:7:1108:3446:33516	1005782	1005888	106
E00121:9:H00UWALXX:7:1102:6988:12191	1005783	1005889	106
E00125:9:H05MEALXX:7:1104:18163:30598	1005765	1005890	125
E00125:9:H05MEALXX:7:1112:16133:58621	1005867	1005891	24
E00170:22:H00WVALXX:1:1208:20944:41603	1005766	1005892	126
E00170:22:H00WVALXX:1:1122:17321:58708	1005850	1005894	44
E00170:22:H00WVALXX:1:1101:4664:39915	1005802	1005898	96
E00121:9:H00UWALXX:7:1120:15037:63191	1005809	1005899	90
E00170:22:H00WVALXX:1:2223:30891:36645	1005762	1005900	138
E00170:22:H00WVALXX:1:1214:20264:72597	1005773	1005901	128
E00170:22:H00WVALXX:1:1213:24791:69643	1005860	1005903	43
E00170:22:H00WVALXX:1:1123:16011:67833	1005852	1005904	52
E00170:22:H00WVALXX:1:2117:9191:53135	1005834	1005905	71
E00170:22:H00WVALXX:1:2110:19107:33498	1005795	1005907	112
E00170:22:H00WVALXX:1:2221:17493:55491	1005760	1005908	148
E00121:9:H00UWALXX:7:1123:16519:50920	1005833	1005910	77
E00121:9:H00UWALXX:7:1103:21026:7708	1005832	1005912	80
E00121:9:H00UWALXX:7:1112:11140:28523	1005865	1005914	49
E00121:9:H00UWALXX:7:1112:10957:29050	1005864	1005915	51
E00170:22:H00WVALXX:1:1212:9221:21262	1005846	1005916	70
E00170:22:H00WVALXX:1:1210:20457:52046	1005847	1005919	72
E00125:9:H05MEALXX:7:1202:12226:20419	1005870	1005920	50
E00170:22:H00WVALXX:1:2220:20457:54858	1005796	1005921	125
E00170:22:H00WVALXX:1:1215:6968:61451	1005857	1005922	65
E00170:22:H00WVALXX:1:1215:7019:61398	1005858	1005923	65
E00170:22:H00WVALXX:1:2223:3801:19891	1005754	1005924	170
E00170:22:H00WVALXX:1:1122:15260:69028	1005849	1005927	78
E00125:9:H05MEALXX:7:1217:19473:57197	1005871	1005929	58
E00170:22:H00WVALXX:1:1205:12175:67587	1005917	1005930	13
E00170:22:H00WVALXX:1:2104:32302:70171	1005869	1005931	62
E00170:22:H00WVALXX:1:1218:12124:18098	1005842	1005932	90
E00121:9:H00UWALXX:7:1110:17910:54067	1005819	1005933	114
E00121:9:H00UWALXX:7:1120:3030:30404	1005829	1005935	106
E00121:9:H00UWALXX:7:1108:30455:34729	1005770	1005939	169
E00170:22:H00WVALXX:1:1207:19483:37805	1005859	1005945	86
E00170:22:H00WVALXX:1:2113:12053:14037	1005837	1005946	109
E00170:22:H00WVALXX:1:1216:19320:32848	1005851	1005948	97
E00170:22:H00WVALXX:1:2115:2400:32373	1005831	1005952	121
E00170:22:H00WVALXX:1:2204:26314:57759	1005854	1005957	103
E00125:9:H05MEALXX:7:2124:24466:16973	1005911	1005959	48
E00170:22:H00WVALXX:1:2121:22477:40636	1005830	1005960	130
E00125:9:H05MEALXX:7:1201:3253:26044	1005902	1005961	59
E00170:22:H00WVALXX:1:2205:28648:46613	1005872	1005962	90
E00170:22:H00WVALXX:1:1214:21807:21438	1005906	1005963	57
E00170:22:H00WVALXX:1:1106:25329:44064	1005861	1005966	105
E00121:9:H00UWALXX:7:1109:25989:8534	1005879	1005967	88
E00170:22:H00WVALXX:1:2124:10013:10785	1005887	1005969	82
E00121:9:H00UWALXX:7:1124:24071:70435	1005841	1005972	131
E00170:22:H00WVALXX:1:1115:18102:47861	1005876	1005976	100
E00125:9:H05MEALXX:7:2104:9160:20735	1005896	1005977	81
E00125:9:H05MEALXX:7:2104:9292:20647	1005897	1005978	81
E00125:9:H05MEALXX:7:2211:2187:33129	1005918	1005980	62
E00170:22:H00WVALXX:1:2214:23147:11804	1005895	1005981	86
E00121:9:H00UWALXX:7:1116:17696:50006	1005937	1005985	48
E00125:9:H05MEALXX:7:1110:7262:36505	1005968	1005986	18
E00170:22:H00WVALXX:1:1212:5527:67534	1005941	1005990	49
E00170:22:H00WVALXX:1:1212:5527:67569	1005942	1005991	49
E00170:22:H00WVALXX:1:2121:7780:64158	1005938	1005992	54
E00121:9:H00UWALXX:7:1109:5232:50639	1005951	1005993	42
E00121:9:H00UWALXX:7:1105:3689:43501	1005965	1005994	29
E00121:9:H00UWALXX:7:1113:10023:57671	1005936	1005995	59
E00170:22:H00WVALXX:1:1115:20356:64844	1005893	1005996	103
E00125:9:H05MEALXX:7:2117:26151:46648	1005970	1005997	27
E00170:22:H00WVALXX:1:1102:22619:16973	1005943	1005998	55
E00125:9:H05MEALXX:7:1219:19128:73406	1005973	1006002	29
E00121:9:H00UWALXX:7:1116:29613:20647	1005947	1006003	56
E00170:22:H00WVALXX:1:1119:24568:21790	1005971	1006005	34
E00170:22:H00WVALXX:1:1114:12358:61820	1005882	1006006	124
E00125:9:H05MEALXX:7:1213:32526:68694	1005982	1006007	25
E00170:22:H00WVALXX:1:1104:30404:22264	1005983	1006008	25
E00170:22:H00WVALXX:1:1102:7841:28576	1005940	1006014	74
E00170:22:H00WVALXX:1:1218:17067:19135	1005909	1006017	108
E00125:9:H05MEALXX:7:1112:18366:49655	1005953	1006018	65
E00121:9:H00UWALXX:7:1108:1598:16182	1005944	1006019	75
E00125:9:H05MEALXX:7:1107:16286:58603	1005964	1006023	59
E00125:9:H05MEALXX:7:1216:24872:21122	1005949	1006026	77
E00170:22:H00WVALXX:1:2112:22244:41005	1005950	1006027	77
E00121:9:H00UWALXX:7:1104:10449:51096	1005913	1006029	116
E00170:22:H00WVALXX:1:2124:12002:4456	1005974	1006032	58
E00170:22:H00WVALXX:1:2124:12764:4403	1005975	1006033	58
E00125:9:H05MEALXX:7:2115:16580:55034	1005999	1006035	36
E00170:22:H00WVALXX:1:1217:14712:61644	1005926	1006036	110
E00121:9:H00UWALXX:7:1118:29876:71982	1005979	1006037	58
E00121:9:H00UWALXX:7:1102:8866:49830	1005958	1006038	80
E00125:9:H05MEALXX:7:2224:26405:33973	1005989	1006039	50
E00170:22:H00WVALXX:1:2112:28608:44750	1005934	1006040	106
E00170:22:H00WVALXX:1:2212:27704:66145	1005928	1006041	113
E00121:9:H00UWALXX:7:1124:14844:57302	1005925	1006042	117
E00170:22:H00WVALXX:1:1106:12165:3119	1006022	1006045	23
E00125:9:H05MEALXX:7:2109:23928:11611	1005984	1006047	63
E00170:22:H00WVALXX:1:2110:17301:2276	1005987	1006051	64
E00170:22:H00WVALXX:1:1123:28577:23565	1006004	1006053	49
E00170:22:H00WVALXX:1:2121:32495:62770	1006000	1006055	55
E00170:22:H00WVALXX:1:2110:17331:2258	1005988	1006056	68
E00170:22:H00WVALXX:1:1112:30790:65301	1005956	1006057	101
E00170:22:H00WVALXX:1:2207:27765:56933	1005954	1006058	104
E00170:22:H00WVALXX:1:1103:27258:2645	1006001	1006065	64
E00170:22:H00WVALXX:1:1101:26243:10943	1006034	1006067	33
E00121:9:H00UWALXX:7:1113:13789:63420	1006015	1006078	63
E00125:9:H05MEALXX:7:2113:17250:56230	1006020	1006084	64
E00170:22:H00WVALXX:1:2218:5110:62910	1005955	1006086	131
E00125:9:H05MEALXX:7:1116:23817:16867	1006079	1006089	10
E00170:22:H00WVALXX:1:1202:30404:55069	1006046	1006091	45
E00121:9:H00UWALXX:7:1105:5060:28857	1006028	1006094	66
E00121:9:H00UWALXX:7:1109:29927:24884	1006074	1006101	27
E00170:22:H00WVALXX:1:1105:20214:16217	1006044	1006102	58
E00121:9:H00UWALXX:7:1112:19513:31705	1006098	1006103	5
E00170:22:H00WVALXX:1:2212:9678:57109	1006099	1006104	5
E00170:22:H00WVALXX:1:2212:9708:57197	1006100	1006105	5
E00170:22:H00WVALXX:1:1104:26771:67727	1006054	1006106	52
E00125:9:H05MEALXX:7:2105:30262:23319	1006064	1006109	45
E00170:22:H00WVALXX:1:1122:17554:36118	1006096	1006111	15
E00125:9:H05MEALXX:7:2208:25593:8763	1006068	1006113	45
E00125:9:H05MEALXX:7:1211:27603:30773	1006060	1006114	54
E00121:9:H00UWALXX:7:1109:6136:54946	1006108	1006115	7
E00170:22:H00WVALXX:1:1219:22264:5423	1006031	1006116	85
E00125:9:H05MEALXX:7:1105:6988:39054	1006076	1006117	41
E00170:22:H00WVALXX:1:1215:12226:56950	1006043	1006119	76
E00125:9:H05MEALXX:7:1214:11424:12912	1006050	1006120	70
E00121:9:H00UWALXX:7:1105:11200:37173	1006052	1006121	69
E00125:9:H05MEALXX:7:2217:10784:60888	1006073	1006126	53
E00170:22:H00WVALXX:1:1105:2999:43326	1006066	1006128	62
E00170:22:H00WVALXX:1:1116:28547:8218	1006049	1006129	80
E00170:22:H00WVALXX:1:2102:3659:57021	1006063	1006130	67
E00170:22:H00WVALXX:1:2123:8541:9818	1006030	1006131	101
E00121:9:H00UWALXX:7:1114:1964:21491	1006069	1006132	63
E00125:9:H05MEALXX:7:2223:12215:51659	1006062	1006133	71
E00170:22:H00WVALXX:1:2121:21726:26115	1006021	1006143	122
E00170:22:H00WVALXX:1:2106:12591:61310	1006070	1006147	77
E00170:22:H00WVALXX:1:2106:21553:59218	1006048	1006148	100
E00170:22:H00WVALXX:1:2208:11749:72404	1006087	1006149	62
E00170:22:H00WVALXX:1:2214:28760:62840	1006088	1006150	62
E00125:9:H05MEALXX:7:1118:12276:21104	1006093	1006152	59
E00170:22:H00WVALXX:1:1101:19260:54155	1006080	1006153	73
E00121:9:H00UWALXX:7:1109:30973:4262	1006092	1006155	63
E00170:22:H00WVALXX:1:1210:8714:22493	1006072	1006156	84
E00170:22:H00WVALXX:1:1115:15707:46631	1006081	1006157	76
E00170:22:H00WVALXX:1:2113:32282:12437	1006107	1006158	51
E00170:22:H00WVALXX:1:2210:29887:29209	1006123	1006161	38
E00170:22:H00WVALXX:1:2210:29907:29209	1006124	1006162	38
E00170:22:H00WVALXX:1:2223:14144:53135	1006061	1006163	102
E00170:22:H00WVALXX:1:2213:17128:8306	1006082	1006167	85
E00121:9:H00UWALXX:7:1105:4400:31266	1006134	1006172	38
E00170:22:H00WVALXX:1:2118:3517:70311	1006135	1006173	38
E00170:22:H00WVALXX:1:2113:3720:34870	1006141	1006174	33
E00121:9:H00UWALXX:7:1108:10135:26009	1006075	1006177	102
E00170:22:H00WVALXX:1:1202:4055:63086	1006178	1006179	1
E00170:22:H00WVALXX:1:1101:24649:23020	1006090	1006180	90
E00170:22:H00WVALXX:1:2102:20406:16410	1006136	1006181	45
E00170:22:H00WVALXX:1:2102:20437:16393	1006137	1006182	45
E00121:9:H00UWALXX:7:1108:4806:37594	1006118	1006183	65
E00170:22:H00WVALXX:1:2124:12895:32619	1006110	1006184	74
E00170:22:H00WVALXX:1:1217:22558:70136	1006122	1006185	63
E00170:22:H00WVALXX:1:1217:31460:38333	1006112	1006186	74
E00121:9:H00UWALXX:7:1113:4725:58761	1006145	1006190	45
E00121:9:H00UWALXX:7:1123:8724:70751	1006164	1006191	27
E00170:22:H00WVALXX:1:2211:27400:35801	1006165	1006192	27
E00170:22:H00WVALXX:1:1104:21117:40108	1006144	1006193	49
E00170:22:H00WVALXX:1:1203:23218:11083	1006125	1006195	70
E00121:9:H00UWALXX:7:1110:17910:34201	1006139	1006196	57
E00125:9:H05MEALXX:7:2215:20264:53329	1006140	1006197	57
E00170:22:H00WVALXX:1:2204:24111:51307	1006154	1006199	45
E00170:22:H00WVALXX:1:2112:15413:53329	1006127	1006201	74
E00170:22:H00WVALXX:1:2202:22447:41884	1006146	1006205	59
E00170:22:H00WVALXX:1:1121:20427:57126	1006160	1006211	51
E00170:22:H00WVALXX:1:2206:5730:65494	1006170	1006213	43
E00170:22:H00WVALXX:1:2206:5740:65477	1006171	1006214	43
E00170:22:H00WVALXX:1:1203:19280:72966	1006168	1006215	47
E00170:22:H00WVALXX:1:1203:19300:73001	1006169	1006216	47
E00170:22:H00WVALXX:1:1208:29481:22036	1006159	1006217	58
E00170:22:H00WVALXX:1:1202:12997:43625	1006187	1006220	33
E00170:22:H00WVALXX:1:2121:31734:45207	1006142	1006222	80
E00170:22:H00WVALXX:1:2222:16397:20260	1006166	1006223	57
E00170:22:H00WVALXX:1:1210:12895:42746	1006151	1006226	75
E00170:22:H00WVALXX:1:2111:30556:38456	1006194	1006231	37
E00125:9:H05MEALXX:7:1113:16813:15426	1006176	1006233	57
E00125:9:H05MEALXX:7:1122:26456:68694	1006175	1006237	62
E00125:9:H05MEALXX:7:2213:30211:29384	1006077	1006239	162
E00170:22:H00WVALXX:1:1215:8785:22229	1006204	1006240	36
E00125:9:H05MEALXX:7:2111:14631:32777	1006189	1006242	53
E00125:9:H05MEALXX:7:1214:7557:37507	1006138	1006243	105
E00121:9:H00UWALXX:7:1111:29267:6970	1006208	1006244	36
E00170:22:H00WVALXX:1:1224:5659:22792	1006245	1006246	1
E00170:22:H00WVALXX:1:1116:20254:63613	1006212	1006249	37
E00121:9:H00UWALXX:7:1116:32627:34834	1006202	1006251	49
E00125:9:H05MEALXX:7:2209:24446:57478	1006188	1006263	75
E00121:9:H00UWALXX:7:1122:3517:61908	1006198	1006264	66
E00121:9:H00UWALXX:7:1119:20000:10890	1006224	1006271	47
E00121:9:H00UWALXX:7:1116:10784:7022	1006230	1006273	43
E00170:22:H00WVALXX:1:2110:21310:58093	1006238	1006274	36
E00170:22:H00WVALXX:1:1105:26618:1678	1006218	1006278	60
E00125:9:H05MEALXX:7:1123:16580:14881	1006258	1006279	21
E00170:22:H00WVALXX:1:1124:25827:12261	1006227	1006281	54
E00121:9:H00UWALXX:7:1108:12358:30633	1006207	1006283	76
E00125:9:H05MEALXX:7:2109:18113:26009	1006235	1006285	50
E00125:9:H05MEALXX:7:1207:28019:62330	1006200	1006288	88
E00170:22:H00WVALXX:1:2219:30851:63895	1006206	1006289	83
E00170:22:H00WVALXX:1:1222:24913:43695	1006203	1006292	89
E00170:22:H00WVALXX:1:1205:14174:39616	1006219	1006295	76
E00121:9:H00UWALXX:7:1201:30526:33938	1006257	1006296	39
E00121:9:H00UWALXX:7:1116:30841:60677	1006232	1006297	65
E00170:22:H00WVALXX:1:1113:24121:62752	1006225	1006298	73
E00170:22:H00WVALXX:1:1207:28445:16234	1006236	1006300	64
E00170:22:H00WVALXX:1:1202:6785:9132	1006261	1006301	40
E00125:9:H05MEALXX:7:2221:23939:34799	1006234	1006303	69
E00170:22:H00WVALXX:1:2204:24050:50006	1006248	1006304	56
E00125:9:H05MEALXX:7:2105:11779:25376	1006209	1006305	96
E00170:22:H00WVALXX:1:2219:31764:51870	1006210	1006306	96
E00170:22:H00WVALXX:1:2208:4309:31986	1006254	1006307	53
E00170:22:H00WVALXX:1:2106:21827:25833	1006241	1006309	68
E00170:22:H00WVALXX:1:2201:16275:39071	1006270	1006310	40
E00170:22:H00WVALXX:1:2109:6826:38175	1006277	1006313	36
E00170:22:H00WVALXX:1:1104:22041:38438	1006255	1006314	59
E00170:22:H00WVALXX:1:1104:22051:38421	1006256	1006315	59
E00170:22:H00WVALXX:1:2216:29460:11101	1006260	1006316	56
E00121:9:H00UWALXX:7:1122:29237:18555	1006252	1006317	65
E00121:9:H00UWALXX:7:1122:29247:18537	1006253	1006318	65
E00121:9:H00UWALXX:7:1113:6501:3366	1006221	1006319	98
E00121:9:H00UWALXX:7:1124:7678:62119	1006228	1006321	93
E00125:9:H05MEALXX:7:2109:3324:38579	1006268	1006323	55
E00170:22:H00WVALXX:1:1124:31368:45664	1006250	1006324	74
E00170:22:H00WVALXX:1:2102:7029:1572	1006259	1006325	66
E00125:9:H05MEALXX:7:1206:19260:21702	1006265	1006330	65
E00170:22:H00WVALXX:1:1116:16225:62682	1006266	1006331	65
E00170:22:H00WVALXX:1:1112:17757:56405	1006269	1006332	63
E00125:9:H05MEALXX:7:2215:16072:33797	1006247	1006333	86
E00125:9:H05MEALXX:7:2203:18711:43712	1006229	1006335	106
E00121:9:H00UWALXX:7:1111:10683:58146	1006272	1006338	66
E00125:9:H05MEALXX:7:1111:20812:46684	1006262	1006339	77
E00121:9:H00UWALXX:7:1118:10957:32742	1006322	1006344	22
E00121:9:H00UWALXX:7:1102:29227:36997	1006290	1006346	56
E00170:22:H00WVALXX:1:1212:12682:68114	1006276	1006347	71
E00170:22:H00WVALXX:1:1203:20254:6970	1006302	1006350	48
E00125:9:H05MEALXX:7:1219:13373:15338	1006282	1006353	71
E00170:22:H00WVALXX:1:1206:14773:57390	1006293	1006358	65
E00170:22:H00WVALXX:1:2207:2289:2047	1006294	1006359	65
E00170:22:H00WVALXX:1:2224:26699:49285	1006337	1006362	25
E00121:9:H00UWALXX:7:1111:18569:51835	1006299	1006365	66
E00170:22:H00WVALXX:1:1221:26030:41761	1006280	1006366	86
E00121:9:H00UWALXX:7:1107:17392:28207	1006341	1006367	26
E00125:9:H05MEALXX:7:2110:26222:62242	1006267	1006368	101
E00170:22:H00WVALXX:1:1221:20884:44697	1006312	1006370	58
E00125:9:H05MEALXX:7:1201:13027:68817	1006326	1006371	45
E00125:9:H05MEALXX:7:2115:9617:24409	1006327	1006372	45
E00170:22:H00WVALXX:1:1116:5973:31037	1006328	1006373	45
E00170:22:H00WVALXX:1:1116:5993:31037	1006329	1006374	45
E00170:22:H00WVALXX:1:2217:23188:39124	1006334	1006375	41
E00170:22:H00WVALXX:1:2120:12753:13457	1006287	1006376	89
E00121:9:H00UWALXX:7:1121:17625:12543	1006308	1006378	70
E00170:22:H00WVALXX:1:1110:29602:45629	1006320	1006385	65
E00170:22:H00WVALXX:1:2211:2471:25781	1006336	1006388	52
E00170:22:H00WVALXX:1:2205:24060:34764	1006284	1006394	110
E00170:22:H00WVALXX:1:2115:25542:47703	1006286	1006395	109
E00125:9:H05MEALXX:7:2118:29694:8200	1006291	1006402	111
E00170:22:H00WVALXX:1:1212:10723:7444	1006349	1006403	54
E00125:9:H05MEALXX:7:1210:15331:28752	1006351	1006405	54
E00170:22:H00WVALXX:1:2121:32353:53839	1006275	1006413	138
E00170:22:H00WVALXX:1:1215:14215:7233	1006343	1006414	71
E00125:9:H05MEALXX:7:1202:29663:14723	1006345	1006421	76
E00125:9:H05MEALXX:7:2110:5415:26941	1006352	1006422	70
E00125:9:H05MEALXX:7:1110:24933:21790	1006342	1006425	83
E00170:22:H00WVALXX:1:1216:28638:60625	1006357	1006427	70
E00170:22:H00WVALXX:1:1218:17280:16621	1006364	1006429	65
E00170:22:H00WVALXX:1:2115:22244:9396	1006361	1006430	69
E00170:22:H00WVALXX:1:2212:24548:5159	1006354	1006431	77
E00170:22:H00WVALXX:1:2115:15017:43994	1006383	1006433	50
E00170:22:H00WVALXX:1:1116:25309:29789	1006360	1006434	74
E00170:22:H00WVALXX:1:1206:29349:10802	1006382	1006435	53
E00170:22:H00WVALXX:1:2205:24253:32672	1006311	1006437	126
E00125:9:H05MEALXX:7:1221:26121:38579	1006379	1006439	60
E00170:22:H00WVALXX:1:2219:6278:73195	1006380	1006440	60
E00125:9:H05MEALXX:7:1123:32800:35555	1006396	1006441	45
E00170:22:H00WVALXX:1:1223:8023:2979	1006397	1006442	45
E00125:9:H05MEALXX:7:1109:23035:5317	1006410	1006447	37
E00125:9:H05MEALXX:7:2201:25309:30668	1006404	1006448	44
E00170:22:H00WVALXX:1:1210:18691:54225	1006387	1006450	63
E00170:22:H00WVALXX:1:2101:32840:35625	1006401	1006451	50
E00125:9:H05MEALXX:7:1110:28882:39493	1006369	1006452	83
E00125:9:H05MEALXX:7:2116:25654:48037	1006355	1006453	98
E00170:22:H00WVALXX:1:1214:16275:35907	1006399	1006454	55
E00125:9:H05MEALXX:7:2207:15382:9009	1006384	1006455	71
E00170:22:H00WVALXX:1:2119:9688:33674	1006363	1006456	93
E00170:22:H00WVALXX:1:1217:21584:10714	1006381	1006460	79
E00125:9:H05MEALXX:7:2107:12134:22862	1006398	1006461	63
E00125:9:H05MEALXX:7:2209:5750:10187	1006420	1006462	42
E00170:22:H00WVALXX:1:1122:5516:25112	1006393	1006465	72
E00125:9:H05MEALXX:7:2117:26476:27099	1006389	1006467	78
E00170:22:H00WVALXX:1:2110:11363:10450	1006386	1006468	82
E00170:22:H00WVALXX:1:1206:23868:63649	1006428	1006469	41
E00170:22:H00WVALXX:1:2104:10612:60871	1006340	1006475	135
E00125:9:H05MEALXX:7:1205:11018:24866	1006356	1006476	120
E00121:9:H00UWALXX:7:1124:14022:11189	1006406	1006477	71
E00170:22:H00WVALXX:1:1106:30881:69925	1006407	1006478	71
E00125:9:H05MEALXX:7:2210:27197:60132	1006415	1006483	68
E00170:22:H00WVALXX:1:1215:8490:38210	1006348	1006484	136
E00170:22:H00WVALXX:1:2203:32779:25534	1006416	1006485	69
E00170:22:H00WVALXX:1:2120:21411:11505	1006418	1006486	68
E00170:22:H00WVALXX:1:2101:17991:26044	1006377	1006487	110
E00170:22:H00WVALXX:1:1110:30962:12578	1006411	1006490	79
E00170:22:H00WVALXX:1:1121:31328:20911	1006412	1006491	79
E00125:9:H05MEALXX:7:1212:31176:32672	1006417	1006493	76
E00170:22:H00WVALXX:1:1103:29511:49233	1006400	1006500	100
E00170:22:H00WVALXX:1:1118:13860:65547	1006390	1006501	111
E00170:22:H00WVALXX:1:1111:12845:38438	1006432	1006504	72
E00170:22:H00WVALXX:1:2223:18326:10240	1006443	1006505	62
E00170:22:H00WVALXX:1:1105:26030:50059	1006423	1006511	88
E00170:22:H00WVALXX:1:1115:12429:4350	1006426	1006513	87
E00170:22:H00WVALXX:1:2117:5080:13351	1006458	1006514	56
E00170:22:H00WVALXX:1:2120:16752:39898	1006459	1006515	56
E00170:22:H00WVALXX:1:2201:2908:35116	1006436	1006517	81
E00125:9:H05MEALXX:7:2218:25228:7040	1006473	1006522	49
E00125:9:H05MEALXX:7:1104:5293:23952	1006408	1006524	116
E00170:22:H00WVALXX:1:1217:15798:70733	1006472	1006525	53
E00121:9:H00UWALXX:7:1108:13850:58533	1006446	1006528	82
E00170:22:H00WVALXX:1:2119:27836:13035	1006409	1006532	123
E00170:22:H00WVALXX:1:1210:29531:15760	1006424	1006533	109
E00170:22:H00WVALXX:1:2213:10216:36381	1006391	1006535	144
E00170:22:H00WVALXX:1:2218:20427:39159	1006392	1006536	144
E00170:22:H00WVALXX:1:1102:21015:69362	1006464	1006539	75
E00125:9:H05MEALXX:7:2202:23898:13246	1006419	1006541	122
E00170:22:H00WVALXX:1:1214:16072:38895	1006444	1006542	98
E00170:22:H00WVALXX:1:1214:16093:38895	1006445	1006543	98
E00170:22:H00WVALXX:1:2222:21391:25710	1006510	1006544	34
E00170:22:H00WVALXX:1:2115:7171:55720	1006509	1006545	36
E00121:9:H00UWALXX:7:1118:7973:12841	1006438	1006546	108
E00170:22:H00WVALXX:1:2124:27075:2750	1006482	1006547	65
E00121:9:H00UWALXX:7:1112:30932:63508	1006526	1006550	24
E00121:9:H00UWALXX:7:1118:30201:14459	1006527	1006551	24
E00170:22:H00WVALXX:1:1119:11708:53874	1006474	1006554	80
E00170:22:H00WVALXX:1:1106:7749:1942	1006449	1006555	106
E00170:22:H00WVALXX:1:1110:18519:67358	1006496	1006558	62
E00125:9:H05MEALXX:7:2201:18072:58251	1006479	1006559	80
E00170:22:H00WVALXX:1:1215:30556:23477	1006488	1006560	72
E00121:9:H00UWALXX:7:1105:14550:60379	1006463	1006562	99
E00170:22:H00WVALXX:1:2201:29552:71665	1006512	1006566	54
E00170:22:H00WVALXX:1:2213:22629:18573	1006516	1006567	51
E00170:22:H00WVALXX:1:1102:13119:15109	1006498	1006568	70
E00170:22:H00WVALXX:1:1114:30404:12841	1006499	1006569	70
E00170:22:H00WVALXX:1:2203:25705:25376	1006489	1006570	81
E00125:9:H05MEALXX:7:2222:21097:61662	1006503	1006572	69
E00170:22:H00WVALXX:1:1117:25421:24110	1006492	1006575	83
E00170:22:H00WVALXX:1:2117:9708:8429	1006518	1006577	59
E00170:22:H00WVALXX:1:2117:9729:8429	1006519	1006578	59
E00121:9:H00UWALXX:7:1105:15809:67340	1006531	1006579	48
E00170:22:H00WVALXX:1:1213:28740:23882	1006466	1006580	114
E00170:22:H00WVALXX:1:2108:15920:25728	1006494	1006582	88
E00170:22:H00WVALXX:1:2108:15951:25675	1006495	1006583	88
E00170:22:H00WVALXX:1:1215:27725:53382	1006530	1006584	54
E00121:9:H00UWALXX:7:1113:25603:46262	1006470	1006588	118
E00125:9:H05MEALXX:7:1219:6440:15883	1006471	1006589	118
E00121:9:H00UWALXX:7:1117:15737:5159	1006521	1006590	69
E00170:22:H00WVALXX:1:2118:32586:55685	1006481	1006593	112
E00121:9:H00UWALXX:7:1106:11414:23267	1006507	1006594	87
E00121:9:H00UWALXX:7:1106:8237:49549	1006508	1006595	87
E00170:22:H00WVALXX:1:1122:31643:56300	1006480	1006596	116
E00170:22:H00WVALXX:1:1105:27207:37085	1006506	1006597	91
E00170:22:H00WVALXX:1:1108:22274:72562	1006561	1006599	38
E00121:9:H00UWALXX:7:1201:7607:18713	1006534	1006600	66
E00170:22:H00WVALXX:1:2216:22142:7778	1006523	1006601	78
E00125:9:H05MEALXX:7:1112:17077:52274	1006457	1006602	145
E00170:22:H00WVALXX:1:1113:4400:60590	1006520	1006603	83
E00125:9:H05MEALXX:7:1106:30181:42869	1006538	1006606	68
E00170:22:H00WVALXX:1:2219:24040:20419	1006553	1006607	54
E00170:22:H00WVALXX:1:1108:13088:11822	1006497	1006608	111
E00170:22:H00WVALXX:1:2212:19087:5616	1006537	1006610	73
E00121:9:H00UWALXX:7:1111:14672:24022	1006540	1006611	71
E00121:9:H00UWALXX:7:1102:18539:48160	1006548	1006613	65
E00170:22:H00WVALXX:1:1201:11292:25482	1006502	1006614	112
E00125:9:H05MEALXX:7:2209:12764:50639	1006563	1006615	52
E00121:9:H00UWALXX:7:1116:25938:39845	1006529	1006619	90
E00170:22:H00WVALXX:1:1106:26933:24972	1006571	1006620	49
E00125:9:H05MEALXX:7:2202:20021:30334	1006564	1006626	62
E00125:9:H05MEALXX:7:2202:26598:71859	1006557	1006627	70
E00121:9:H00UWALXX:7:1111:2086:45963	1006552	1006628	76
E00170:22:H00WVALXX:1:1210:10937:32145	1006556	1006629	73
E00121:9:H00UWALXX:7:1107:3294:18590	1006549	1006630	81
E00170:22:H00WVALXX:1:2116:5892:57126	1006592	1006631	39
E00170:22:H00WVALXX:1:1205:18265:56335	1006587	1006632	45
E00170:22:H00WVALXX:1:2104:4166:39018	1006586	1006633	47
E00121:9:H00UWALXX:7:1108:21574:9431	1006574	1006634	60
E00125:9:H05MEALXX:7:2105:23198:15654	1006565	1006635	70
E00125:9:H05MEALXX:7:1123:20447:25798	1006591	1006637	46
E00170:22:H00WVALXX:1:1121:19777:39194	1006581	1006640	59
E00121:9:H00UWALXX:7:1117:3050:29982	1006621	1006641	20
E00170:22:H00WVALXX:1:1108:15809:53733	1006622	1006642	20
E00170:22:H00WVALXX:1:1210:3202:33340	1006623	1006643	20
E00170:22:H00WVALXX:1:1210:3283:33340	1006624	1006644	20
E00170:22:H00WVALXX:1:2103:32475:41075	1006585	1006645	60
E00170:22:H00WVALXX:1:2217:30831:27925	1006598	1006648	50
E00121:9:H00UWALXX:7:1108:4968:67165	1006612	1006654	42
E00170:22:H00WVALXX:1:2102:9465:63420	1006604	1006655	51
E00170:22:H00WVALXX:1:2102:9576:64000	1006605	1006656	51
E00125:9:H05MEALXX:7:2122:2634:68852	1006576	1006662	86
E00121:9:H00UWALXX:7:1108:5831:71788	1006609	1006663	54
E00170:22:H00WVALXX:1:2111:3182:33305	1006625	1006668	43
E00170:22:H00WVALXX:1:1104:25796:10872	1006646	1006669	23
E00170:22:H00WVALXX:1:2111:29460:15004	1006617	1006670	53
E00170:22:H00WVALXX:1:2102:15646:10345	1006636	1006672	36
E00170:22:H00WVALXX:1:1205:27085:22634	1006573	1006675	102
E00170:22:H00WVALXX:1:1217:25055:32901	1006653	1006682	29
E00170:22:H00WVALXX:1:1223:18894:25956	1006657	1006686	29
E00170:22:H00WVALXX:1:2115:9444:55509	1006658	1006687	29
E00170:22:H00WVALXX:1:1224:14459:51993	1006616	1006689	73
E00170:22:H00WVALXX:1:2109:31440:64774	1006638	1006690	52
E00125:9:H05MEALXX:7:2105:28598:15689	1006650	1006701	51
E00170:22:H00WVALXX:1:1204:15423:2715	1006651	1006702	51
E00170:22:H00WVALXX:1:2115:14651:63367	1006652	1006705	53
E00170:22:H00WVALXX:1:1123:20467:48653	1006647	1006709	62
E00125:9:H05MEALXX:7:1117:16884:43853	1006618	1006711	93
E00125:9:H05MEALXX:7:1224:2593:26589	1006666	1006718	52
E00170:22:H00WVALXX:1:1213:2238:27943	1006639	1006720	81
E00125:9:H05MEALXX:7:2204:2350:49690	1006649	1006722	73
E00170:22:H00WVALXX:1:1202:11353:13914	1006661	1006723	62
E00121:9:H00UWALXX:7:1103:7506:28101	1006671	1006724	53
E00125:9:H05MEALXX:7:2117:30059:68079	1006694	1006728	34
E00170:22:H00WVALXX:1:1102:13180:50832	1006695	1006729	34
E00170:22:H00WVALXX:1:1102:13180:50868	1006696	1006730	34
E00125:9:H05MEALXX:7:1120:5506:22669	1006664	1006733	69
E00125:9:H05MEALXX:7:1209:14448:6653	1006674	1006734	60
E00125:9:H05MEALXX:7:2204:29064:65442	1006679	1006736	57
E00170:22:H00WVALXX:1:1201:16580:55315	1006659	1006737	78
E00170:22:H00WVALXX:1:2213:16346:4913	1006660	1006740	80
E00121:9:H00UWALXX:7:1110:31297:14951	1006699	1006744	45
E00170:22:H00WVALXX:1:2101:11637:19540	1006700	1006745	45
E00121:9:H00UWALXX:7:1107:6501:51922	1006712	1006747	35
E00170:22:H00WVALXX:1:1102:26517:16094	1006665	1006748	83
E00170:22:H00WVALXX:1:1205:9587:31072	1006673	1006749	76
E00121:9:H00UWALXX:7:1120:4004:56845	1006676	1006750	74
E00170:22:H00WVALXX:1:1113:19361:65090	1006677	1006751	74
E00170:22:H00WVALXX:1:2204:5801:41251	1006688	1006755	67
E00125:9:H05MEALXX:7:1108:30435:4385	1006693	1006757	64
E00170:22:H00WVALXX:1:2213:8094:58867	1006683	1006758	75
E00170:22:H00WVALXX:1:1203:19686:40513	1006704	1006759	55
E00125:9:H05MEALXX:7:1101:29521:47738	1006680	1006760	80
E00170:22:H00WVALXX:1:1111:17331:53487	1006697	1006762	65
E00125:9:H05MEALXX:7:1217:9739:46314	1006684	1006764	80
E00170:22:H00WVALXX:1:1110:17981:32813	1006691	1006768	77
E00121:9:H00UWALXX:7:1109:4522:2504	1006692	1006769	77
E00170:22:H00WVALXX:1:1105:16357:66461	1006681	1006771	90
E00170:22:H00WVALXX:1:1224:19371:4878	1006719	1006772	53
E00170:22:H00WVALXX:1:1103:30343:68817	1006698	1006774	76
E00170:22:H00WVALXX:1:1119:29217:10081	1006678	1006777	99
E00170:22:H00WVALXX:1:1207:27674:25411	1006717	1006778	61
E00125:9:H05MEALXX:7:1222:21249:2082	1006727	1006779	52
E00170:22:H00WVALXX:1:1206:6633:13439	1006716	1006780	64
E00121:9:H00UWALXX:7:1106:16661:33867	1006735	1006781	46
E00121:9:H00UWALXX:7:1110:9373:62242	1006713	1006782	69
E00121:9:H00UWALXX:7:1113:10531:56194	1006714	1006783	69
E00170:22:H00WVALXX:1:1214:21432:31934	1006667	1006784	117
E00170:22:H00WVALXX:1:2115:7222:56792	1006710	1006785	75
E00125:9:H05MEALXX:7:2206:8166:71261	1006703	1006786	83
E00170:22:H00WVALXX:1:2208:15809:25921	1006685	1006789	104
E00121:9:H00UWALXX:7:1122:10165:46560	1006741	1006790	49
E00170:22:H00WVALXX:1:1207:21097:58919	1006742	1006791	49
E00170:22:H00WVALXX:1:1207:17696:33832	1006726	1006792	66
E00170:22:H00WVALXX:1:2113:24710:3717	1006708	1006794	86
E00170:22:H00WVALXX:1:1219:20812:5194	1006731	1006796	65
E00170:22:H00WVALXX:1:1219:20833:5194	1006732	1006797	65
E00121:9:H00UWALXX:7:1111:27298:68044	1006752	1006799	47
E00121:9:H00UWALXX:7:1111:27369:67885	1006753	1006800	47
E00121:9:H00UWALXX:7:1107:11211:58884	1006738	1006801	63
E00125:9:H05MEALXX:7:1219:15920:38526	1006739	1006802	63
E00170:22:H00WVALXX:1:2111:25715:20928	1006707	1006803	96
E00125:9:H05MEALXX:7:1223:26425:22194	1006721	1006806	85
E00121:9:H00UWALXX:7:1117:1284:15215	1006743	1006807	64
E00170:22:H00WVALXX:1:1122:6247:34360	1006754	1006808	54
E00121:9:H00UWALXX:7:1103:2004:13088	1006715	1006809	94
E00121:9:H00UWALXX:7:1201:26882:65283	1006810	1006811	1
E00170:22:H00WVALXX:1:1106:10531:2047	1006767	1006813	46
E00170:22:H00WVALXX:1:2210:31785:16076	1006756	1006815	59
E00170:22:H00WVALXX:1:1215:3557:29279	1006706	1006817	111
E00170:22:H00WVALXX:1:1103:11454:14758	1006787	1006820	33
E00170:22:H00WVALXX:1:2120:6887:53505	1006746	1006822	76
E00125:9:H05MEALXX:7:1208:24132:23108	1006725	1006823	98
E00125:9:H05MEALXX:7:1117:15037:15619	1006775	1006827	52
E00170:22:H00WVALXX:1:2115:14174:2311	1006773	1006829	56
E00121:9:H00UWALXX:7:1122:9698:72755	1006776	1006833	57
E00125:9:H05MEALXX:7:1116:3781:65635	1006793	1006836	43
E00170:22:H00WVALXX:1:2107:24598:63508	1006766	1006840	74
E00170:22:H00WVALXX:1:2112:31226:49672	1006761	1006847	86
E00121:9:H00UWALXX:7:1113:1791:11453	1006765	1006850	85
E00121:9:H00UWALXX:7:1105:13423:36311	1006821	1006854	33
E00170:22:H00WVALXX:1:1112:20234:13369	1006826	1006857	31
E00121:9:H00UWALXX:7:1103:18996:40372	1006770	1006862	92
E00170:22:H00WVALXX:1:2212:2258:58919	1006788	1006870	82
E00170:22:H00WVALXX:1:2216:10378:18660	1006795	1006872	77
E00170:22:H00WVALXX:1:1201:30638:61803	1006763	1006873	110
E00125:9:H05MEALXX:7:1117:7567:55843	1006804	1006876	72
E00121:9:H00UWALXX:7:1102:9556:62594	1006838	1006877	39
E00170:22:H00WVALXX:1:1123:31267:33885	1006805	1006883	78
E00170:22:H00WVALXX:1:1116:22792:13685	1006812	1006884	72
E00125:9:H05MEALXX:7:1111:22335:57724	1006818	1006892	74
E00170:22:H00WVALXX:1:2112:2532:32777	1006814	1006893	79
E00170:22:H00WVALXX:1:1215:12936:32162	1006855	1006896	41
E00170:22:H00WVALXX:1:1210:23350:2030	1006828	1006902	74
E00170:22:H00WVALXX:1:1211:8125:48090	1006832	1006904	72
E00170:22:H00WVALXX:1:1123:14753:65477	1006825	1006905	80
E00170:22:H00WVALXX:1:1117:32414:30070	1006841	1006906	65
E00170:22:H00WVALXX:1:1212:11728:72966	1006851	1006907	56
E00170:22:H00WVALXX:1:1208:21310:3700	1006879	1006909	30
E00125:9:H05MEALXX:7:2107:6684:17184	1006798	1006910	112
E00121:9:H00UWALXX:7:1105:3557:62119	1006831	1006912	81
E00170:22:H00WVALXX:1:2217:14651:68430	1006846	1006913	67
E00170:22:H00WVALXX:1:2222:14418:22317	1006837	1006914	77
E00125:9:H05MEALXX:7:1216:15494:61767	1006834	1006915	81
E00125:9:H05MEALXX:7:1218:7140:33516	1006863	1006921	58
E00125:9:H05MEALXX:7:2118:17798:7392	1006861	1006927	66
E00125:9:H05MEALXX:7:2205:15433:29631	1006859	1006930	71
E00170:22:H00WVALXX:1:1110:26811:56300	1006839	1006931	92
E00170:22:H00WVALXX:1:1208:32556:65477	1006860	1006932	72
E00170:22:H00WVALXX:1:1117:5456:4719	1006830	1006938	108
E00170:22:H00WVALXX:1:1110:30597:22985	1006845	1006939	94
E00121:9:H00UWALXX:7:1109:4085:59798	1006852	1006940	88
E00125:9:H05MEALXX:7:2104:28131:31371	1006864	1006941	77
E00170:22:H00WVALXX:1:2213:7029:4385	1006842	1006946	104
E00170:22:H00WVALXX:1:2122:30282:48318	1006866	1006949	83
E00170:22:H00WVALXX:1:1106:9972:30545	1006885	1006952	67
E00125:9:H05MEALXX:7:2107:25065:8517	1006875	1006956	81
E00121:9:H00UWALXX:7:1102:19219:10169	1006858	1006957	99
E00125:9:H05MEALXX:7:2106:23776:57197	1006816	1006958	142
E00170:22:H00WVALXX:1:2203:21442:63807	1006856	1006959	103
E00125:9:H05MEALXX:7:1111:8846:29226	1006880	1006960	80
E00170:22:H00WVALXX:1:1209:15240:46209	1006886	1006962	76
E00170:22:H00WVALXX:1:1209:15413:46543	1006887	1006963	76
E00170:22:H00WVALXX:1:2205:27166:41339	1006824	1006967	143
E00125:9:H05MEALXX:7:2116:29420:45172	1006889	1006969	80
E00170:22:H00WVALXX:1:2213:24984:55526	1006888	1006970	82
E00170:22:H00WVALXX:1:1116:16032:43291	1006849	1006971	122
E00170:22:H00WVALXX:1:1102:25654:33375	1006942	1006976	34
E00170:22:H00WVALXX:1:1102:25776:33410	1006943	1006977	34
E00170:22:H00WVALXX:1:1102:25908:33428	1006944	1006978	34
E00170:22:H00WVALXX:1:1216:19412:4913	1006945	1006979	34
E00125:9:H05MEALXX:7:1123:27430:34799	1006895	1006981	86
E00121:9:H00UWALXX:7:1110:2167:43326	1006843	1006983	140
E00121:9:H00UWALXX:7:1110:2177:43308	1006844	1006984	140
E00121:9:H00UWALXX:7:1122:6014:20032	1006868	1006985	117
E00121:9:H00UWALXX:7:1113:29755:25183	1006899	1006986	87
E00170:22:H00WVALXX:1:1205:18042:49830	1006894	1006987	93
E00170:22:H00WVALXX:1:2211:16580:45400	1006900	1006988	88
E00170:22:H00WVALXX:1:2101:22305:69520	1006853	1006989	136
E00125:9:H05MEALXX:7:2215:27319:53417	1006924	1006991	67
E00170:22:H00WVALXX:1:2113:16986:56616	1006881	1006992	111
E00170:22:H00WVALXX:1:2209:20417:48213	1006848	1006993	145
E00170:22:H00WVALXX:1:2114:3212:23583	1006925	1006994	69
E00170:22:H00WVALXX:1:2115:29379:8851	1006819	1006995	176
E00170:22:H00WVALXX:1:2223:22457:22247	1006869	1006996	127
E00121:9:H00UWALXX:7:1106:32180:41128	1006917	1006998	81
E00170:22:H00WVALXX:1:2205:29765:25236	1006871	1006999	128
E00121:9:H00UWALXX:7:1110:29917:73283	1006903	1007002	99
E00121:9:H00UWALXX:7:1115:19726:37137	1006935	1007003	68
E00125:9:H05MEALXX:7:2101:7475:6108	1006936	1007004	68
E00170:22:H00WVALXX:1:1110:28435:39493	1006937	1007005	68
E00170:22:H00WVALXX:1:1206:23330:10538	1006953	1007006	53
E00170:22:H00WVALXX:1:1206:23330:10609	1006954	1007007	53
E00170:22:H00WVALXX:1:2106:20660:33657	1006955	1007008	53
E00121:9:H00UWALXX:7:1121:25116:56036	1006865	1007010	145
E00170:22:H00WVALXX:1:1107:29135:27099	1006922	1007011	89
E00170:22:H00WVALXX:1:2205:30018:49303	1006923	1007012	89
E00170:22:H00WVALXX:1:2208:11749:29437	1006947	1007013	66
E00170:22:H00WVALXX:1:2208:11830:29332	1006948	1007014	66
E00170:22:H00WVALXX:1:2212:11474:25130	1006961	1007015	54
E00170:22:H00WVALXX:1:1106:3425:18854	1006919	1007016	97
E00170:22:H00WVALXX:1:1206:6217:27134	1006920	1007017	97
E00121:9:H00UWALXX:7:1124:31287:17606	1006897	1007019	122
E00170:22:H00WVALXX:1:1104:6948:31424	1006950	1007020	70
E00125:9:H05MEALXX:7:1205:4796:33147	1006882	1007021	139
E00170:22:H00WVALXX:1:2121:4572:61978	1006835	1007023	188
E00170:22:H00WVALXX:1:2118:27522:33762	1006929	1007024	95
E00170:22:H00WVALXX:1:1202:17808:28646	1006908	1007026	118
E00121:9:H00UWALXX:7:1117:20214:7743	1006918	1007027	109
E00170:22:H00WVALXX:1:2118:25147:6126	1006964	1007030	66
E00170:22:H00WVALXX:1:2121:23208:70980	1006926	1007032	106
E00170:22:H00WVALXX:1:1204:9658:21983	1006891	1007036	145
E00125:9:H05MEALXX:7:2122:6298:14406	1006878	1007037	159
E00170:22:H00WVALXX:1:1206:31216:25077	1006898	1007038	140
E00125:9:H05MEALXX:7:2120:15047:18520	1006874	1007039	165
E00170:22:H00WVALXX:1:2101:24335:50850	1006980	1007040	60
E00170:22:H00WVALXX:1:2223:13261:45840	1006972	1007042	70
E00121:9:H00UWALXX:7:1121:7790:8095	1006901	1007043	142
E00121:9:H00UWALXX:7:1112:11941:49461	1006951	1007048	97
E00170:22:H00WVALXX:1:2101:5263:46508	1006867	1007049	182
E00170:22:H00WVALXX:1:1222:16133:68887	1006928	1007050	122
E00170:22:H00WVALXX:1:1109:26101:7567	1006933	1007052	119
E00170:22:H00WVALXX:1:2216:20731:46684	1006934	1007053	119
E00121:9:H00UWALXX:7:1112:8034:31547	1006916	1007054	138
E00170:22:H00WVALXX:1:1203:5496:4579	1006890	1007055	165
E00170:22:H00WVALXX:1:1218:25745:5370	1006990	1007056	66
E00170:22:H00WVALXX:1:1223:13098:52661	1006997	1007061	64
E00125:9:H05MEALXX:7:2215:28496:59851	1006982	1007062	80
E00170:22:H00WVALXX:1:2208:31876:57302	1006968	1007065	97
E00170:22:H00WVALXX:1:2201:17209:61785	1006973	1007067	94
E00170:22:H00WVALXX:1:1212:28658:58128	1006965	1007069	104
E00121:9:H00UWALXX:7:1112:28740:66497	1007047	1007070	23
E00170:22:H00WVALXX:1:2107:18762:48090	1006911	1007074	163
E00121:9:H00UWALXX:7:1110:28181:23231	1006966	1007082	116
E00170:22:H00WVALXX:1:1210:16225:11804	1006975	1007083	108
E00121:9:H00UWALXX:7:1120:18732:24339	1007022	1007084	62
E00170:22:H00WVALXX:1:1110:18752:19874	1007031	1007087	56
E00170:22:H00WVALXX:1:1212:13515:56265	1007060	1007088	28
E00125:9:H05MEALXX:7:2221:2350:6337	1007001	1007090	89
E00170:22:H00WVALXX:1:1215:16692:28998	1007051	1007091	40
E00170:22:H00WVALXX:1:1218:15687:59289	1007025	1007093	68
E00121:9:H00UWALXX:7:1101:25075:43308	1006974	1007094	120
E00125:9:H05MEALXX:7:2111:8480:45330	1007033	1007095	62
E00170:22:H00WVALXX:1:1101:12591:73195	1007034	1007096	62
E00170:22:H00WVALXX:1:2113:7861:9976	1007009	1007097	88
E00121:9:H00UWALXX:7:1113:14164:29754	1007028	1007098	70
E00125:9:H05MEALXX:7:2221:14316:21544	1007058	1007109	51
E00170:22:H00WVALXX:1:2122:5770:54032	1007044	1007110	66
E00121:9:H00UWALXX:7:1113:27187:11347	1007057	1007111	54
E00121:9:H00UWALXX:7:1105:11495:23267	1007063	1007112	49
E00121:9:H00UWALXX:7:1120:4532:60009	1007064	1007113	49
E00121:9:H00UWALXX:7:1103:6014:6319	1007085	1007114	29
E00170:22:H00WVALXX:1:2216:28110:59394	1007035	1007118	83
E00125:9:H05MEALXX:7:1122:28009:48213	1007068	1007119	51
E00170:22:H00WVALXX:1:2112:6186:24198	1007086	1007122	36
E00170:22:H00WVALXX:1:1220:12215:44486	1007045	1007124	79
E00170:22:H00WVALXX:1:1220:12236:44486	1007046	1007125	79
E00121:9:H00UWALXX:7:1116:20102:33885	1007066	1007126	60
E00121:9:H00UWALXX:7:1121:24081:57337	1007077	1007127	50
E00170:22:H00WVALXX:1:2121:8754:15250	1007000	1007131	131
E00170:22:H00WVALXX:1:1221:24649:71788	1007059	1007135	76
E00125:9:H05MEALXX:7:2118:6795:8974	1007089	1007137	48
E00170:22:H00WVALXX:1:1122:27298:58480	1007076	1007138	62
E00125:9:H05MEALXX:7:2117:20812:7515	1007073	1007140	67
E00170:22:H00WVALXX:1:1102:21777:71735	1007041	1007141	100
E00125:9:H05MEALXX:7:1217:6166:27046	1007018	1007142	124
E00170:22:H00WVALXX:1:1111:19188:37260	1007099	1007150	51
E00121:9:H00UWALXX:7:1108:19767:64879	1007075	1007151	76
E00121:9:H00UWALXX:7:1117:31927:60801	1007102	1007152	50
E00170:22:H00WVALXX:1:1213:17148:17061	1007078	1007154	76
E00170:22:H00WVALXX:1:1217:9739:27468	1007144	1007155	11
E00170:22:H00WVALXX:1:2106:7120:7392	1007079	1007156	77
E00170:22:H00WVALXX:1:2211:16783:17729	1007071	1007158	87
E00170:22:H00WVALXX:1:1119:4045:59658	1007029	1007160	131
E00121:9:H00UWALXX:7:1120:17443:36170	1007092	1007163	71
E00170:22:H00WVALXX:1:1119:14875:1871	1007130	1007164	34
E00170:22:H00WVALXX:1:2102:31582:46736	1007080	1007165	85
E00121:9:H00UWALXX:7:1109:28983:66426	1007115	1007167	52
E00121:9:H00UWALXX:7:1109:29095:66127	1007116	1007168	52
E00121:9:H00UWALXX:7:1104:1700:22124	1007105	1007172	67
E00170:22:H00WVALXX:1:2107:6125:26624	1007106	1007173	67
E00121:9:H00UWALXX:7:1114:1132:4543	1007149	1007174	25
E00170:22:H00WVALXX:1:1116:27846:46420	1007117	1007176	59
E00170:22:H00WVALXX:1:1121:16641:4579	1007072	1007177	105
E00170:22:H00WVALXX:1:2206:21919:9747	1007134	1007180	46
E00125:9:H05MEALXX:7:2104:11891:19592	1007128	1007183	55
E00125:9:H05MEALXX:7:2116:4989:53663	1007107	1007186	79
E00125:9:H05MEALXX:7:1113:31774:6847	1007081	1007187	106
E00170:22:H00WVALXX:1:1123:7587:43537	1007143	1007188	45
E00170:22:H00WVALXX:1:2116:10662:25904	1007145	1007189	44
E00170:22:H00WVALXX:1:1212:13504:51290	1007101	1007191	90
E00170:22:H00WVALXX:1:2222:26263:36399	1007192	1007193	1
E00125:9:H05MEALXX:7:2124:8237:41779	1007100	1007195	95
E00170:22:H00WVALXX:1:2103:13484:2135	1007104	1007196	92
E00121:9:H00UWALXX:7:1103:4481:6231	1007120	1007198	78
E00170:22:H00WVALXX:1:2104:26598:5124	1007123	1007200	77
E00121:9:H00UWALXX:7:1110:10865:35186	1007146	1007201	55
E00170:22:H00WVALXX:1:1220:13220:30439	1007103	1007204	101
E00170:22:H00WVALXX:1:2107:23685:39317	1007148	1007205	57
E00125:9:H05MEALXX:7:1108:25035:45594	1007121	1007206	85
E00170:22:H00WVALXX:1:2116:4887:25675	1007171	1007207	36
E00170:22:H00WVALXX:1:2101:6724:29842	1007129	1007211	82
E00125:9:H05MEALXX:7:1212:8754:32760	1007170	1007217	47
E00125:9:H05MEALXX:7:1203:28618:62945	1007108	1007218	110
E00125:9:H05MEALXX:7:1217:4136:69696	1007219	1007220	1
E00170:22:H00WVALXX:1:2214:19452:14547	1007166	1007221	55
E00121:9:H00UWALXX:7:1117:30912:51940	1007139	1007222	83
E00170:22:H00WVALXX:1:1216:24761:55667	1007133	1007224	91
E00170:22:H00WVALXX:1:1123:7079:17764	1007161	1007225	64
E00125:9:H05MEALXX:7:1103:15616:1537	1007162	1007226	64
E00170:22:H00WVALXX:1:2216:26781:50868	1007213	1007227	14
E00121:9:H00UWALXX:7:1101:29186:25675	1007147	1007230	83
E00125:9:H05MEALXX:7:2201:25766:15883	1007157	1007232	75
E00121:9:H00UWALXX:7:1118:19909:28629	1007175	1007233	58
E00125:9:H05MEALXX:7:2117:19046:54559	1007208	1007235	27
E00170:22:H00WVALXX:1:1116:11211:72491	1007209	1007236	27
E00121:9:H00UWALXX:7:1116:25400:18660	1007132	1007238	106
E00121:9:H00UWALXX:7:1104:31328:68694	1007194	1007240	46
E00170:22:H00WVALXX:1:2205:2766:9167	1007153	1007244	91
E00170:22:H00WVALXX:1:2113:21229:60132	1007181	1007246	65
E00121:9:H00UWALXX:7:1101:20031:72896	1007179	1007249	70
E00170:22:H00WVALXX:1:2113:28283:49953	1007203	1007252	49
E00170:22:H00WVALXX:1:1206:5405:42113	1007185	1007253	68
E00121:9:H00UWALXX:7:1113:7323:35872	1007199	1007255	56
E00170:22:H00WVALXX:1:2102:31480:9536	1007202	1007256	54
E00125:9:H05MEALXX:7:1203:6531:5739	1007169	1007259	90
E00170:22:H00WVALXX:1:2104:30678:7655	1007214	1007260	46
E00170:22:H00WVALXX:1:1122:26659:31635	1007159	1007266	107
E00125:9:H05MEALXX:7:1212:9505:7831	1007197	1007270	73
E00170:22:H00WVALXX:1:1122:18417:34729	1007184	1007274	90
E00170:22:H00WVALXX:1:1108:10673:13826	1007182	1007279	97
E00121:9:H00UWALXX:7:1124:8896:9273	1007215	1007281	66
E00125:9:H05MEALXX:7:1123:29734:33199	1007216	1007282	66
E00125:9:H05MEALXX:7:1206:18042:20436	1007178	1007283	105
E00125:9:H05MEALXX:7:1122:27897:14512	1007248	1007285	37
E00125:9:H05MEALXX:7:1214:28192:63824	1007210	1007289	79
E00125:9:H05MEALXX:7:2106:7465:46244	1007190	1007291	101
E00170:22:H00WVALXX:1:1108:25360:72386	1007239	1007293	54
E00170:22:H00WVALXX:1:2104:12155:43783	1007136	1007294	158
E00121:9:H00UWALXX:7:1105:6684:45980	1007251	1007296	45
E00125:9:H05MEALXX:7:1208:26070:47668	1007275	1007303	28
E00125:9:H05MEALXX:7:1112:5953:20102	1007243	1007304	61
E00170:22:H00WVALXX:1:1213:24943:47475	1007231	1007306	75
E00170:22:H00WVALXX:1:2216:8764:50006	1007263	1007307	44
E00125:9:H05MEALXX:7:1221:18173:66866	1007223	1007310	87
E00170:22:H00WVALXX:1:2215:16884:16955	1007254	1007311	57
E00170:22:H00WVALXX:1:1212:7404:3875	1007262	1007312	50
E00170:22:H00WVALXX:1:2119:18356:64791	1007212	1007313	101
E00125:9:H05MEALXX:7:1104:1558:33797	1007261	1007315	54
E00170:22:H00WVALXX:1:1107:25695:42271	1007257	1007316	59
E00125:9:H05MEALXX:7:2224:7100:56722	1007247	1007318	71
E00170:22:H00WVALXX:1:1102:22284:71841	1007237	1007325	88
E00170:22:H00WVALXX:1:1209:3923:19364	1007245	1007332	87
E00121:9:H00UWALXX:7:1108:10277:19293	1007286	1007333	47
E00170:22:H00WVALXX:1:2103:10520:9062	1007272	1007334	62
E00170:22:H00WVALXX:1:2219:30303:46209	1007277	1007335	58
E00170:22:H00WVALXX:1:2219:30323:46209	1007278	1007336	58
E00170:22:H00WVALXX:1:2206:13210:72861	1007241	1007337	96
E00170:22:H00WVALXX:1:1214:11789:51131	1007276	1007341	65
E00170:22:H00WVALXX:1:1217:10764:53716	1007295	1007342	47
E00121:9:H00UWALXX:7:1103:2086:72579	1007264	1007344	80
E00121:9:H00UWALXX:7:1113:12581:10908	1007292	1007347	55
E00170:22:H00WVALXX:1:2115:10490:73142	1007258	1007348	90
E00170:22:H00WVALXX:1:2101:18021:60801	1007268	1007350	82
E00170:22:H00WVALXX:1:1219:18285:15303	1007297	1007352	55
E00170:22:H00WVALXX:1:1217:23776:57759	1007228	1007353	125
E00121:9:H00UWALXX:7:1106:12439:39985	1007287	1007354	67
E00125:9:H05MEALXX:7:2115:8541:63473	1007288	1007355	67
E00170:22:H00WVALXX:1:1113:27319:35098	1007250	1007356	106
E00170:22:H00WVALXX:1:2106:15179:8833	1007273	1007357	84
E00170:22:H00WVALXX:1:1118:12733:33112	1007290	1007360	70
E00170:22:H00WVALXX:1:2218:13941:25253	1007280	1007362	82
E00125:9:H05MEALXX:7:2113:11180:39458	1007269	1007368	99
E00170:22:H00WVALXX:1:1211:26984:57724	1007271	1007369	98
E00121:9:H00UWALXX:7:1106:3598:12085	1007229	1007371	142
E00125:9:H05MEALXX:7:1108:24903:14775	1007300	1007373	73
E00170:22:H00WVALXX:1:2122:5943:31406	1007343	1007374	31
E00121:9:H00UWALXX:7:1122:24142:28611	1007234	1007375	141
E00170:22:H00WVALXX:1:1120:8490:5299	1007299	1007376	77
E00170:22:H00WVALXX:1:2219:14986:46297	1007317	1007377	60
E00121:9:H00UWALXX:7:1124:8267:9308	1007326	1007379	53
E00170:22:H00WVALXX:1:1211:14519:6600	1007305	1007383	78
E00121:9:H00UWALXX:7:1116:9678:46525	1007351	1007387	36
E00125:9:H05MEALXX:7:2116:8521:46596	1007340	1007388	48
E00170:22:H00WVALXX:1:1118:29156:27240	1007308	1007390	82
E00170:22:H00WVALXX:1:1210:14590:69169	1007242	1007391	149
E00121:9:H00UWALXX:7:1102:9881:9361	1007327	1007392	65
E00170:22:H00WVALXX:1:1107:12845:39458	1007301	1007393	92
E00170:22:H00WVALXX:1:1215:12134:46596	1007265	1007394	129
E00121:9:H00UWALXX:7:1115:24588:12929	1007328	1007395	67
E00125:9:H05MEALXX:7:2210:15859:44328	1007329	1007396	67
E00170:22:H00WVALXX:1:2214:24284:53962	1007331	1007397	66
E00170:22:H00WVALXX:1:1109:21472:56792	1007349	1007398	49
E00170:22:H00WVALXX:1:2217:8744:50006	1007320	1007402	82
E00121:9:H00UWALXX:7:1122:7689:46068	1007364	1007403	39
E00125:9:H05MEALXX:7:1218:18478:48442	1007309	1007404	95
E00170:22:H00WVALXX:1:2123:1812:50446	1007324	1007405	81
E00125:9:H05MEALXX:7:1221:15920:17430	1007298	1007406	108
E00170:22:H00WVALXX:1:2119:31216:39388	1007314	1007407	93
E00125:9:H05MEALXX:7:2201:7942:46121	1007321	1007408	87
E00170:22:H00WVALXX:1:2109:25766:30088	1007322	1007409	87
E00170:22:H00WVALXX:1:2223:30293:36206	1007365	1007410	45
E00170:22:H00WVALXX:1:2116:18021:68782	1007267	1007412	145
E00170:22:H00WVALXX:1:1224:24619:67903	1007319	1007413	94
E00170:22:H00WVALXX:1:2110:30658:72210	1007323	1007416	93
E00170:22:H00WVALXX:1:1122:15849:52256	1007284	1007417	133
E00121:9:H00UWALXX:7:1117:2309:22370	1007366	1007418	52
E00121:9:H00UWALXX:7:1117:2451:22300	1007367	1007419	52
E00125:9:H05MEALXX:7:1206:7364:53944	1007385	1007423	38
E00170:22:H00WVALXX:1:1109:21503:69643	1007338	1007424	86
E00170:22:H00WVALXX:1:2224:28049:34254	1007339	1007425	86
E00170:22:H00WVALXX:1:1211:28466:4983	1007370	1007428	58
E00170:22:H00WVALXX:1:1210:29684:25271	1007386	1007430	44
E00125:9:H05MEALXX:7:1116:16316:4965	1007389	1007431	42
E00170:22:H00WVALXX:1:1203:7973:49373	1007345	1007436	91
E00170:22:H00WVALXX:1:1203:8003:49321	1007346	1007437	91
E00170:22:H00WVALXX:1:2108:26182:6970	1007330	1007439	109
E00170:22:H00WVALXX:1:1111:14621:37929	1007380	1007440	60
E00170:22:H00WVALXX:1:2106:12581:55421	1007372	1007441	69
E00170:22:H00WVALXX:1:2215:25421:26747	1007378	1007442	64
E00170:22:H00WVALXX:1:2221:28384:13949	1007363	1007444	81
E00170:22:H00WVALXX:1:2118:27806:24233	1007302	1007445	143
E00170:22:H00WVALXX:1:2110:12824:8728	1007420	1007448	28
E00170:22:H00WVALXX:1:2110:12875:8851	1007421	1007449	28
E00170:22:H00WVALXX:1:2112:27400:56546	1007359	1007451	92
E00170:22:H00WVALXX:1:2113:15463:25042	1007361	1007452	91
E00170:22:H00WVALXX:1:2210:19402:13263	1007411	1007457	46
E00170:22:H00WVALXX:1:1102:2522:63842	1007443	1007458	15
E00170:22:H00WVALXX:1:1120:23127:22212	1007415	1007459	44
E00170:22:H00WVALXX:1:2124:2583:67815	1007400	1007463	63
E00121:9:H00UWALXX:7:1116:7414:42077	1007429	1007464	35
E00125:9:H05MEALXX:7:2219:24000:36065	1007427	1007468	41
E00170:22:H00WVALXX:1:1106:6805:50973	1007358	1007469	111
E00170:22:H00WVALXX:1:1123:21980:59535	1007426	1007473	47
E00125:9:H05MEALXX:7:2111:15727:41111	1007399	1007474	75
E00170:22:H00WVALXX:1:1119:32536:17588	1007414	1007475	61
E00170:22:H00WVALXX:1:2108:4552:45523	1007401	1007476	75
E00170:22:H00WVALXX:1:2219:27704:65934	1007381	1007478	97
E00125:9:H05MEALXX:7:2208:4918:13703	1007432	1007482	50
E00170:22:H00WVALXX:1:2108:16093:69977	1007433	1007483	50
E00170:22:H00WVALXX:1:1120:8815:51993	1007384	1007487	103
E00170:22:H00WVALXX:1:2221:26902:63244	1007434	1007497	63
E00170:22:H00WVALXX:1:1206:31673:16902	1007456	1007499	43
E00170:22:H00WVALXX:1:2201:12652:14265	1007462	1007507	45
E00170:22:H00WVALXX:1:1108:31917:72702	1007435	1007509	74
E00170:22:H00WVALXX:1:1210:7993:18643	1007438	1007510	72
E00170:22:H00WVALXX:1:1217:27988:18256	1007453	1007511	58
E00121:9:H00UWALXX:7:1114:17250:63262	1007479	1007518	39
E00170:22:H00WVALXX:1:1201:19594:53223	1007480	1007519	39
E00125:9:H05MEALXX:7:2114:30475:19504	1007477	1007520	43
E00125:9:H05MEALXX:7:2124:18397:51747	1007455	1007523	68
E00170:22:H00WVALXX:1:1120:6623:53083	1007471	1007524	53
E00170:22:H00WVALXX:1:2110:21188:42271	1007422	1007528	106
E00170:22:H00WVALXX:1:1112:25766:56142	1007450	1007529	79
E00170:22:H00WVALXX:1:1103:21990:61099	1007447	1007530	83
E00125:9:H05MEALXX:7:2122:7567:25429	1007498	1007533	35
E00170:22:H00WVALXX:1:1218:30536:42148	1007382	1007535	153
E00121:9:H00UWALXX:7:1106:19371:30826	1007465	1007536	71
E00125:9:H05MEALXX:7:2111:24010:63227	1007446	1007538	92
E00121:9:H00UWALXX:7:1108:31998:13738	1007454	1007542	88
E00125:9:H05MEALXX:7:1214:3588:18748	1007485	1007547	62
E00121:9:H00UWALXX:7:1121:24507:55685	1007470	1007549	79
E00170:22:H00WVALXX:1:1122:18864:29490	1007500	1007550	50
E00121:9:H00UWALXX:7:1111:3486:66461	1007489	1007553	64
E00170:22:H00WVALXX:1:1108:29328:56827	1007460	1007554	94
E00170:22:H00WVALXX:1:2219:32465:16164	1007461	1007555	94
E00170:22:H00WVALXX:1:2107:24203:4139	1007472	1007565	93
E00125:9:H05MEALXX:7:2121:11830:1836	1007527	1007566	39
E00170:22:H00WVALXX:1:2214:5060:21262	1007488	1007567	79
E00125:9:H05MEALXX:7:1215:9292:1942	1007481	1007568	87
E00170:22:H00WVALXX:1:2111:9170:52538	1007467	1007569	102
E00125:9:H05MEALXX:7:2116:10155:18625	1007484	1007573	89
E00170:22:H00WVALXX:1:1106:14804:61064	1007496	1007574	78
E00170:22:H00WVALXX:1:2113:15707:23003	1007501	1007575	74
E00125:9:H05MEALXX:7:2119:20305:6987	1007503	1007576	73
E00125:9:H05MEALXX:7:2119:20356:7216	1007504	1007577	73
E00170:22:H00WVALXX:1:1104:17240:66268	1007505	1007578	73
E00121:9:H00UWALXX:7:1108:24588:70171	1007490	1007580	90
E00125:9:H05MEALXX:7:1105:24406:48758	1007491	1007581	90
E00170:22:H00WVALXX:1:1218:6521:28963	1007493	1007582	89
E00121:9:H00UWALXX:7:1120:26273:70487	1007514	1007583	69
E00121:9:H00UWALXX:7:1120:26588:71138	1007515	1007584	69
E00121:9:H00UWALXX:7:1120:27065:70417	1007516	1007585	69
E00125:9:H05MEALXX:7:2217:24263:12507	1007517	1007586	69
E00121:9:H00UWALXX:7:1108:7668:11119	1007466	1007588	122
E00170:22:H00WVALXX:1:1219:31287:12261	1007495	1007589	94
E00125:9:H05MEALXX:7:2117:29937:1836	1007486	1007593	107
E00170:22:H00WVALXX:1:1211:11312:14933	1007494	1007594	100
E00121:9:H00UWALXX:7:1104:28932:63596	1007531	1007597	66
E00170:22:H00WVALXX:1:2118:3344:30422	1007521	1007601	80
E00125:9:H05MEALXX:7:2112:20244:29982	1007506	1007607	101
E00170:22:H00WVALXX:1:1103:6247:9501	1007492	1007608	116
E00170:22:H00WVALXX:1:2115:5872:3014	1007513	1007612	99
E00125:9:H05MEALXX:7:1113:15626:63649	1007540	1007614	74
E00125:9:H05MEALXX:7:2203:31287:12543	1007541	1007615	74
E00125:9:H05MEALXX:7:2222:26730:9993	1007556	1007616	60
E00170:22:H00WVALXX:1:1208:27166:45136	1007557	1007617	60
E00125:9:H05MEALXX:7:1212:20894:40847	1007546	1007623	77
E00170:22:H00WVALXX:1:1222:14388:23319	1007525	1007628	103
E00170:22:H00WVALXX:1:1213:15809:12419	1007512	1007633	121
E00170:22:H00WVALXX:1:2123:9647:39827	1007563	1007635	72
E00170:22:H00WVALXX:1:1114:26314:63631	1007559	1007636	77
E00121:9:H00UWALXX:7:1106:3436:14160	1007537	1007637	100
E00170:22:H00WVALXX:1:2102:16306:68237	1007508	1007638	130
E00121:9:H00UWALXX:7:1104:16072:39177	1007526	1007640	114
E00125:9:H05MEALXX:7:2204:4948:71454	1007560	1007641	81
E00125:9:H05MEALXX:7:2204:4968:71735	1007561	1007642	81
E00170:22:H00WVALXX:1:1214:9556:57284	1007562	1007643	81
E00170:22:H00WVALXX:1:1217:22091:4983	1007522	1007644	122
E00125:9:H05MEALXX:7:1114:5872:1537	1007590	1007645	55
E00170:22:H00WVALXX:1:1116:17382:11453	1007539	1007646	107
E00125:9:H05MEALXX:7:1120:11414:3893	1007570	1007647	77
E00170:22:H00WVALXX:1:2216:20955:50727	1007571	1007648	77
E00125:9:H05MEALXX:7:1119:28120:7093	1007591	1007652	61
E00170:22:H00WVALXX:1:2204:19452:14687	1007592	1007653	61
E00125:9:H05MEALXX:7:2107:13159:39968	1007545	1007655	110
E00125:9:H05MEALXX:7:1115:4938:48758	1007656	1007657	1
E00170:22:H00WVALXX:1:1114:20812:38175	1007502	1007658	156
E00121:9:H00UWALXX:7:2101:19929:52889	1007532	1007659	127
E00170:22:H00WVALXX:1:1118:25309:33762	1007551	1007660	109
E00170:22:H00WVALXX:1:1122:3913:64211	1007552	1007661	109
E00170:22:H00WVALXX:1:2109:21838:23917	1007613	1007662	49
E00170:22:H00WVALXX:1:1213:17625:4350	1007602	1007663	61
E00125:9:H05MEALXX:7:1104:5395:19627	1007572	1007664	92
E00170:22:H00WVALXX:1:2123:23451:35784	1007606	1007669	63
E00170:22:H00WVALXX:1:2210:6755:31125	1007564	1007671	107
E00170:22:H00WVALXX:1:2106:19320:17940	1007603	1007673	70
E00170:22:H00WVALXX:1:2107:10835:41532	1007604	1007674	70
E00170:22:H00WVALXX:1:2107:11779:41480	1007605	1007675	70
E00170:22:H00WVALXX:1:2207:5902:60273	1007596	1007688	92
E00121:9:H00UWALXX:7:1107:20315:69063	1007624	1007689	65
E00121:9:H00UWALXX:7:1103:2421:62435	1007681	1007690	9
E00170:22:H00WVALXX:1:2113:18062:62488	1007600	1007691	91
E00125:9:H05MEALXX:7:2209:18549:11822	1007631	1007692	61
E00170:22:H00WVALXX:1:1206:4694:51079	1007622	1007693	71
E00121:9:H00UWALXX:7:1103:20264:48758	1007609	1007696	87
E00121:9:H00UWALXX:7:1113:6785:37331	1007611	1007697	86
E00170:22:H00WVALXX:1:1110:21888:31002	1007595	1007698	103
E00170:22:H00WVALXX:1:1208:19838:57197	1007629	1007700	71
E00121:9:H00UWALXX:7:1104:31348:8394	1007625	1007701	76
E00170:22:H00WVALXX:1:1220:14225:37137	1007626	1007702	76
E00125:9:H05MEALXX:7:2202:5313:34711	1007618	1007704	86
E00170:22:H00WVALXX:1:2107:2573:55140	1007544	1007708	164
E00170:22:H00WVALXX:1:2112:21533:64809	1007534	1007709	175
E00125:9:H05MEALXX:7:2121:20051:39493	1007579	1007711	132
E00170:22:H00WVALXX:1:1222:20944:63332	1007558	1007712	154
E00170:22:H00WVALXX:1:1113:32221:62822	1007632	1007715	83
E00170:22:H00WVALXX:1:2223:12946:17623	1007686	1007716	30
E00121:9:H00UWALXX:7:1111:23086:36803	1007627	1007719	92
E00170:22:H00WVALXX:1:1218:24771:50692	1007587	1007724	137
E00170:22:H00WVALXX:1:1104:29359:66373	1007665	1007726	61
E00170:22:H00WVALXX:1:1114:27349:5440	1007666	1007727	61
E00121:9:H00UWALXX:7:1105:19087:35010	1007668	1007729	61
E00170:22:H00WVALXX:1:2112:14235:43097	1007619	1007730	111
E00125:9:H05MEALXX:7:1220:9302:58357	1007634	1007731	97
E00121:9:H00UWALXX:7:1103:19889:43537	1007620	1007733	113
E00121:9:H00UWALXX:7:1103:19950:43501	1007621	1007734	113
E00170:22:H00WVALXX:1:2209:29856:63086	1007548	1007739	191
E00170:22:H00WVALXX:1:1207:31957:10292	1007543	1007740	197
E00170:22:H00WVALXX:1:2218:17148:49549	1007639	1007743	104
E00121:9:H00UWALXX:7:1113:14083:65899	1007654	1007744	90
E00125:9:H05MEALXX:7:1106:4197:46842	1007720	1007751	31
E00125:9:H05MEALXX:7:1205:27004:25622	1007721	1007752	31
E00170:22:H00WVALXX:1:2112:12205:15707	1007722	1007753	31
E00121:9:H00UWALXX:7:1102:22944:32830	1007598	1007756	158
E00170:22:H00WVALXX:1:1111:28648:39792	1007599	1007757	158
E00170:22:H00WVALXX:1:1209:24010:5141	1007737	1007758	21
E00170:22:H00WVALXX:1:1209:24020:5159	1007738	1007759	21
E00170:22:H00WVALXX:1:2204:2390:22440	1007679	1007760	81
E00170:22:H00WVALXX:1:2204:2471:22475	1007680	1007761	81
E00125:9:H05MEALXX:7:2114:10815:12419	1007695	1007762	67
E00170:22:H00WVALXX:1:2208:18823:34764	1007714	1007763	49
E00121:9:H00UWALXX:7:1108:27633:63174	1007694	1007765	71
E00170:22:H00WVALXX:1:2220:9079:14969	1007649	1007766	117
E00170:22:H00WVALXX:1:1204:32089:44310	1007685	1007767	82
E00125:9:H05MEALXX:7:1202:6887:21614	1007754	1007770	16
E00125:9:H05MEALXX:7:2208:23015:45435	1007683	1007775	92
E00170:22:H00WVALXX:1:1221:27126:31283	1007718	1007776	58
E00170:22:H00WVALXX:1:1210:14509:64774	1007684	1007777	93
E00121:9:H00UWALXX:7:1110:21949:56599	1007676	1007782	106
E00125:9:H05MEALXX:7:2123:2685:55790	1007672	1007784	112
E00170:22:H00WVALXX:1:2208:4278:68360	1007710	1007786	76
E00125:9:H05MEALXX:7:1203:10348:11259	1007677	1007788	111
E00170:22:H00WVALXX:1:1209:20041:46191	1007678	1007789	111
E00170:22:H00WVALXX:1:1210:23817:5018	1007651	1007791	140
E00170:22:H00WVALXX:1:1103:28334:30070	1007667	1007792	125
E00170:22:H00WVALXX:1:2124:7059:66743	1007630	1007795	165
E00170:22:H00WVALXX:1:1218:31795:53188	1007707	1007796	89
E00125:9:H05MEALXX:7:2224:4775:33850	1007650	1007802	152
E00170:22:H00WVALXX:1:1115:24132:17694	1007670	1007806	136
E00170:22:H00WVALXX:1:2201:12276:38087	1007610	1007807	197
E00170:22:H00WVALXX:1:1120:6653:21526	1007736	1007810	74
E00170:22:H00WVALXX:1:1212:8369:15039	1007713	1007812	99
E00125:9:H05MEALXX:7:1217:19249:32057	1007735	1007818	83
E00170:22:H00WVALXX:1:2214:12591:34729	1007699	1007820	121
E00125:9:H05MEALXX:7:2112:29420:39370	1007732	1007822	90
E00170:22:H00WVALXX:1:2217:17209:20647	1007773	1007823	50
E00121:9:H00UWALXX:7:1121:27481:64246	1007749	1007824	75
E00170:22:H00WVALXX:1:2203:30364:61011	1007687	1007825	138
E00170:22:H00WVALXX:1:2222:4775:11136	1007768	1007826	58
E00170:22:H00WVALXX:1:2222:27380:27503	1007781	1007829	48
E00170:22:H00WVALXX:1:1201:26537:55509	1007728	1007832	104
E00170:22:H00WVALXX:1:1223:6734:58234	1007769	1007833	64
E00170:22:H00WVALXX:1:1217:27917:22177	1007771	1007834	63
E00125:9:H05MEALXX:7:1220:6795:4895	1007706	1007839	133
E00170:22:H00WVALXX:1:2113:25583:57759	1007755	1007840	85
E00170:22:H00WVALXX:1:2105:4187:25482	1007717	1007841	124
E00125:9:H05MEALXX:7:1107:8196:54401	1007742	1007842	100
E00170:22:H00WVALXX:1:2123:12500:17588	1007723	1007843	120
E00170:22:H00WVALXX:1:1103:2451:33832	1007725	1007844	119
E00125:9:H05MEALXX:7:2107:14915:54296	1007745	1007845	100
E00125:9:H05MEALXX:7:2107:14946:54102	1007746	1007846	100
E00121:9:H00UWALXX:7:1118:3760:72456	1007787	1007847	60
E00125:9:H05MEALXX:7:2101:30922:40495	1007772	1007848	76
E00170:22:H00WVALXX:1:2120:30201:15900	1007703	1007849	146
E00125:9:H05MEALXX:7:1210:20447:45945	1007797	1007851	54
E00170:22:H00WVALXX:1:2108:26781:55017	1007682	1007852	170
E00125:9:H05MEALXX:7:1108:23614:38772	1007783	1007854	71
E00121:9:H00UWALXX:7:1115:19087:38280	1007790	1007859	69
E00170:22:H00WVALXX:1:1103:8561:42025	1007705	1007863	158
E00121:9:H00UWALXX:7:1111:32526:4631	1007785	1007864	79
E00170:22:H00WVALXX:1:1221:13779:48002	1007831	1007868	37
E00170:22:H00WVALXX:1:2101:5232:61574	1007804	1007869	65
E00170:22:H00WVALXX:1:2215:2126:71208	1007801	1007870	69
E00170:22:H00WVALXX:1:1123:6227:58867	1007747	1007871	124
E00170:22:H00WVALXX:1:2215:2116:71226	1007800	1007872	72
E00121:9:H00UWALXX:7:1115:14154:62787	1007808	1007873	65
E00121:9:H00UWALXX:7:1107:5161:51711	1007813	1007874	61
E00170:22:H00WVALXX:1:1123:22690:29121	1007780	1007876	96
E00121:9:H00UWALXX:7:1120:9556:32250	1007741	1007877	136
E00121:9:H00UWALXX:7:1120:19412:29631	1007814	1007878	64
E00125:9:H05MEALXX:7:2124:23137:56054	1007850	1007879	29
E00170:22:H00WVALXX:1:1113:11830:11224	1007750	1007880	130
E00170:22:H00WVALXX:1:1209:26141:28875	1007815	1007881	66
E00170:22:H00WVALXX:1:2222:24487:37014	1007816	1007882	66
E00170:22:H00WVALXX:1:2209:24223:45558	1007774	1007883	109
E00170:22:H00WVALXX:1:2218:19087:53048	1007793	1007884	91
E00121:9:H00UWALXX:7:1109:18255:53399	1007819	1007885	66
E00170:22:H00WVALXX:1:2115:21767:55509	1007748	1007886	138
E00125:9:H05MEALXX:7:1214:19229:61521	1007799	1007888	89
E00121:9:H00UWALXX:7:1116:5354:41322	1007835	1007889	54
E00170:22:H00WVALXX:1:1208:30790:27609	1007779	1007891	112
E00125:9:H05MEALXX:7:1222:28039:3049	1007778	1007892	114
E00170:22:H00WVALXX:1:2209:26385:57460	1007811	1007893	82
E00170:22:H00WVALXX:1:1101:15900:30228	1007830	1007896	66
E00170:22:H00WVALXX:1:1101:4451:65002	1007803	1007897	94
E00170:22:H00WVALXX:1:2221:6745:71437	1007805	1007898	93
E00170:22:H00WVALXX:1:2123:12662:38227	1007817	1007901	84
E00170:22:H00WVALXX:1:1116:19199:14529	1007809	1007903	94
E00170:22:H00WVALXX:1:1210:24761:48600	1007794	1007904	110
E00170:22:H00WVALXX:1:1208:6968:20946	1007764	1007906	142
E00170:22:H00WVALXX:1:1118:6623:34659	1007875	1007910	35
E00170:22:H00WVALXX:1:2119:16692:60466	1007821	1007912	91
E00170:22:H00WVALXX:1:1220:23005:64264	1007858	1007914	56
E00170:22:H00WVALXX:1:2103:31145:57126	1007798	1007915	117
E00125:9:H05MEALXX:7:1122:22924:53540	1007836	1007916	80
E00170:22:H00WVALXX:1:2119:9587:14160	1007837	1007917	80
E00170:22:H00WVALXX:1:2119:9597:14213	1007838	1007918	80
E00170:22:H00WVALXX:1:1219:14286:42447	1007828	1007920	92
E00121:9:H00UWALXX:7:2101:1832:23513	1007913	1007927	14
E00170:22:H00WVALXX:1:2203:21046:23636	1007856	1007928	72
E00170:22:H00WVALXX:1:1206:7211:17992	1007861	1007934	73
E00170:22:H00WVALXX:1:2213:25705:20981	1007853	1007942	89
E00170:22:H00WVALXX:1:2220:21005:20436	1007866	1007946	80
E00125:9:H05MEALXX:7:2211:25776:52362	1007867	1007948	81
E00170:22:H00WVALXX:1:1102:20853:57829	1007827	1007949	122
E00125:9:H05MEALXX:7:2221:28598:66075	1007855	1007954	99
E00170:22:H00WVALXX:1:2223:23086:2451	1007860	1007957	97
E00121:9:H00UWALXX:7:1122:19615:43836	1007943	1007960	17
E00125:9:H05MEALXX:7:2113:9424:41867	1007923	1007963	40
E00125:9:H05MEALXX:7:1120:31835:19961	1007899	1007972	73
E00170:22:H00WVALXX:1:1214:14590:27925	1007887	1007974	87
E00121:9:H00UWALXX:7:1102:21137:18063	1007894	1007977	83
E00170:22:H00WVALXX:1:2217:15179:13052	1007911	1007978	67
E00125:9:H05MEALXX:7:1106:28019:14617	1007902	1007982	80
E00170:22:H00WVALXX:1:1105:30201:27996	1007967	1007983	16
E00170:22:H00WVALXX:1:2214:9211:15619	1007862	1007984	122
E00170:22:H00WVALXX:1:1211:10784:18203	1007908	1007985	77
E00170:22:H00WVALXX:1:1115:20346:44679	1007857	1007986	129
E00170:22:H00WVALXX:1:2221:23614:47141	1007895	1007987	92
E00170:22:H00WVALXX:1:1206:15514:23899	1007937	1007988	51
E00170:22:H00WVALXX:1:2108:14854:64246	1007938	1007989	51
E00170:22:H00WVALXX:1:2106:27857:46684	1007905	1007990	85
E00125:9:H05MEALXX:7:2109:22284:32461	1007865	1007991	126
E00125:9:H05MEALXX:7:1106:17950:27697	1007890	1007992	102
E00125:9:H05MEALXX:7:2111:17189:32883	1007926	1007996	70
E00121:9:H00UWALXX:7:1122:31470:30580	1007900	1007998	98
E00121:9:H00UWALXX:7:1120:14590:31230	1007925	1007999	74
E00125:9:H05MEALXX:7:1109:32779:51694	1007930	1008000	70
E00121:9:H00UWALXX:7:1122:3771:32250	1007951	1008001	50
E00170:22:H00WVALXX:1:2214:22365:71454	1007952	1008002	50
E00170:22:H00WVALXX:1:2123:5516:63051	1007909	1008004	95
E00121:9:H00UWALXX:7:1102:19980:8042	1007935	1008006	71
E00121:9:H00UWALXX:7:1121:6674:42376	1007955	1008007	52
E00170:22:H00WVALXX:1:2219:14489:43748	1007956	1008008	52
E00170:22:H00WVALXX:1:1216:16022:53751	1007944	1008009	65
E00170:22:H00WVALXX:1:1218:23289:46156	1007964	1008015	51
E00170:22:H00WVALXX:1:2210:15200:10029	1007965	1008016	51
E00170:22:H00WVALXX:1:1113:20122:29771	1007932	1008019	87
E00170:22:H00WVALXX:1:2106:3060:16885	1007933	1008020	87
E00125:9:H05MEALXX:7:2119:15595:4174	1007945	1008022	77
E00121:9:H00UWALXX:7:1112:24294:47756	1007975	1008029	54
E00170:22:H00WVALXX:1:2215:12002:39827	1007976	1008030	54
E00125:9:H05MEALXX:7:2204:4735:27591	1007922	1008035	113
E00121:9:H00UWALXX:7:1118:18508:66180	1007959	1008036	77
E00170:22:H00WVALXX:1:2222:29146:53030	1007919	1008037	118
E00170:22:H00WVALXX:1:2120:18448:23073	1007924	1008038	114
E00170:22:H00WVALXX:1:2106:4024:6319	1007929	1008043	114
E00170:22:H00WVALXX:1:1122:25106:8271	1007968	1008045	77
E00170:22:H00WVALXX:1:1122:25167:8235	1007969	1008046	77
E00170:22:H00WVALXX:1:1111:7354:61451	1007961	1008047	86
E00170:22:H00WVALXX:1:1123:13261:60572	1007953	1008048	95
E00121:9:H00UWALXX:7:1102:15666:60238	1007947	1008050	103
E00170:22:H00WVALXX:1:1223:25390:14178	1007966	1008052	86
E00170:22:H00WVALXX:1:2201:8176:14142	1007940	1008053	113
E00170:22:H00WVALXX:1:2201:8338:13967	1007941	1008054	113
E00170:22:H00WVALXX:1:1116:28892:30650	1007931	1008059	128
E00125:9:H05MEALXX:7:2207:32871:63736	1007936	1008060	124
E00170:22:H00WVALXX:1:2121:12388:32690	1007971	1008063	92
E00125:9:H05MEALXX:7:1221:26537:20383	1007979	1008068	89
E00170:22:H00WVALXX:1:2112:25654:51870	1007939	1008069	130
E00170:22:H00WVALXX:1:1217:26913:60168	1007958	1008071	113
E00170:22:H00WVALXX:1:2204:17970:68729	1007950	1008072	122
E00170:22:H00WVALXX:1:2108:32394:51729	1007962	1008076	114
E00121:9:H00UWALXX:7:1102:4613:32479	1007921	1008078	157
E00170:22:H00WVALXX:1:2202:30090:49321	1007907	1008080	173
E00121:9:H00UWALXX:7:1104:26811:35133	1008032	1008081	49
E00121:9:H00UWALXX:7:1113:9181:51817	1008033	1008082	49
E00121:9:H00UWALXX:7:1113:9262:51747	1008034	1008083	49
E00121:9:H00UWALXX:7:1117:13058:60396	1007970	1008084	114
E00170:22:H00WVALXX:1:1123:19879:62822	1007980	1008085	105
E00170:22:H00WVALXX:1:2215:31115:17588	1007981	1008086	105
E00125:9:H05MEALXX:7:1218:28151:3805	1008024	1008090	66
E00170:22:H00WVALXX:1:2116:24548:24954	1008027	1008091	64
E00121:9:H00UWALXX:7:1121:16763:50112	1008039	1008092	53
E00121:9:H00UWALXX:7:1121:16955:50516	1008040	1008093	53
E00121:9:H00UWALXX:7:1121:17209:50428	1008041	1008094	53
E00121:9:H00UWALXX:7:1114:5912:48406	1008065	1008097	32
E00125:9:H05MEALXX:7:1118:22822:61556	1008023	1008100	77
E00170:22:H00WVALXX:1:1111:7810:36540	1007973	1008101	128
E00170:22:H00WVALXX:1:2211:12784:48740	1008010	1008105	95
E00170:22:H00WVALXX:1:1101:12297:4860	1008025	1008107	82
E00170:22:H00WVALXX:1:1221:24203:49145	1007997	1008108	111
E00170:22:H00WVALXX:1:2113:4907:69134	1008011	1008109	98
E00121:9:H00UWALXX:7:1201:2360:14547	1008014	1008110	96
E00121:9:H00UWALXX:7:1104:15890:8200	1008044	1008111	67
E00170:22:H00WVALXX:1:2104:23117:19838	1008028	1008114	86
E00121:9:H00UWALXX:7:1118:6146:44838	1008005	1008115	110
E00170:22:H00WVALXX:1:2207:22609:63016	1008017	1008117	100
E00170:22:H00WVALXX:1:2207:22650:63016	1008018	1008118	100
E00170:22:H00WVALXX:1:1104:19209:58287	1008031	1008119	88
E00125:9:H05MEALXX:7:1203:22355:55333	1008021	1008121	100
E00125:9:H05MEALXX:7:2102:29399:5299	1008074	1008133	59
E00170:22:H00WVALXX:1:2115:14032:11980	1008075	1008136	61
E00170:22:H00WVALXX:1:2108:30455:19082	1008013	1008140	127
E00170:22:H00WVALXX:1:1124:9810:25798	1007995	1008142	147
E00170:22:H00WVALXX:1:2119:31693:39124	1008055	1008145	90
E00170:22:H00WVALXX:1:2119:32373:37278	1008056	1008146	90
E00121:9:H00UWALXX:7:1109:3872:18362	1008070	1008149	79
E00121:9:H00UWALXX:7:1103:31815:57021	1008061	1008151	90
E00170:22:H00WVALXX:1:2101:9871:52766	1008026	1008152	126
E00170:22:H00WVALXX:1:2112:28100:36206	1008102	1008153	51
E00170:22:H00WVALXX:1:2104:12012:8939	1008062	1008154	92
E00125:9:H05MEALXX:7:1216:6491:15303	1008087	1008155	68
E00170:22:H00WVALXX:1:2215:7952:29929	1007993	1008156	163
E00170:22:H00WVALXX:1:2205:30759:4596	1008051	1008158	107
E00125:9:H05MEALXX:7:2217:28516:56687	1008079	1008159	80
E00170:22:H00WVALXX:1:2215:13596:39704	1008073	1008160	87
E00170:22:H00WVALXX:1:1218:30445:35555	1008042	1008162	120
E00170:22:H00WVALXX:1:2104:12835:12226	1008112	1008163	51
E00170:22:H00WVALXX:1:2114:27400:5001	1008066	1008164	98
E00170:22:H00WVALXX:1:1116:4786:50885	1007994	1008165	171
E00170:22:H00WVALXX:1:2217:2644:25622	1008103	1008167	64
E00170:22:H00WVALXX:1:1104:15737:51465	1008049	1008168	119
E00170:22:H00WVALXX:1:2221:24872:22845	1008012	1008169	157
E00170:22:H00WVALXX:1:1119:27034:45576	1008098	1008171	73
E00170:22:H00WVALXX:1:1120:23137:8306	1008099	1008172	73
E00125:9:H05MEALXX:7:1221:11941:19469	1008095	1008173	78
E00170:22:H00WVALXX:1:2102:14337:65389	1008096	1008174	78
E00170:22:H00WVALXX:1:2223:6633:32109	1008089	1008176	87
E00170:22:H00WVALXX:1:1107:15382:49303	1008003	1008177	174
E00170:22:H00WVALXX:1:1111:15555:2276	1008127	1008179	52
E00170:22:H00WVALXX:1:1111:15565:2258	1008128	1008180	52
E00170:22:H00WVALXX:1:2204:28598:29719	1008129	1008181	52
E00121:9:H00UWALXX:7:1117:6704:22985	1008122	1008184	62
E00125:9:H05MEALXX:7:1213:31176:20577	1008141	1008185	44
E00121:9:H00UWALXX:7:1103:32475:64141	1008113	1008187	74
E00170:22:H00WVALXX:1:1111:15179:19100	1008077	1008188	111
E00125:9:H05MEALXX:7:1209:2776:52292	1008125	1008189	64
E00125:9:H05MEALXX:7:1222:25867:3612	1008126	1008190	64
E00170:22:H00WVALXX:1:1101:6176:58005	1008148	1008191	43
E00170:22:H00WVALXX:1:2110:30293:12578	1008067	1008192	125
E00170:22:H00WVALXX:1:2201:30100:44662	1008104	1008195	91
E00170:22:H00WVALXX:1:2101:24263:22458	1008064	1008196	132
E00170:22:H00WVALXX:1:1214:29724:45699	1008057	1008197	140
E00121:9:H00UWALXX:7:1109:9394:56476	1008137	1008199	62
E00125:9:H05MEALXX:7:1221:19919:68167	1008120	1008202	82
E00170:22:H00WVALXX:1:2212:8409:11417	1008116	1008203	87
E00170:22:H00WVALXX:1:1103:21970:53821	1008138	1008206	68
E00125:9:H05MEALXX:7:2220:16458:16111	1008058	1008207	149
E00170:22:H00WVALXX:1:2118:28608:72351	1008088	1008212	124
E00121:9:H00UWALXX:7:1116:24538:50674	1008134	1008214	80
E00170:22:H00WVALXX:1:2205:24294:44380	1008135	1008215	80
E00170:22:H00WVALXX:1:2117:17138:9554	1008170	1008219	49
E00121:9:H00UWALXX:7:1109:13180:64545	1008130	1008221	91
E00121:9:H00UWALXX:7:1109:13342:64721	1008131	1008222	91
E00121:9:H00UWALXX:7:1124:31714:61275	1008123	1008224	101
E00170:22:H00WVALXX:1:1111:13129:37841	1008106	1008233	127
E00170:22:H00WVALXX:1:1101:22812:48776	1008157	1008237	80
E00125:9:H05MEALXX:7:2118:22751:10591	1008198	1008240	42
E00121:9:H00UWALXX:7:1107:25735:72861	1008175	1008242	67
E00170:22:H00WVALXX:1:1204:13575:5844	1008161	1008244	83
E00170:22:H00WVALXX:1:2113:18285:52925	1008150	1008247	97
E00170:22:H00WVALXX:1:1211:12429:4174	1008143	1008253	110
E00170:22:H00WVALXX:1:1211:12459:4157	1008144	1008254	110
E00170:22:H00WVALXX:1:2104:7749:7427	1008186	1008255	69
E00170:22:H00WVALXX:1:1211:15565:26906	1008147	1008262	115
E00121:9:H00UWALXX:7:1201:26446:51659	1008265	1008266	1
E00170:22:H00WVALXX:1:1122:3486:5247	1008182	1008267	85
E00121:9:H00UWALXX:7:1121:23188:65635	1008124	1008268	144
E00170:22:H00WVALXX:1:1107:5679:48072	1008204	1008271	67
E00170:22:H00WVALXX:1:2108:3649:20366	1008205	1008275	70
E00170:22:H00WVALXX:1:2108:7902:66233	1008132	1008276	144
E00125:9:H05MEALXX:7:2223:6998:72825	1008209	1008282	73
E00170:22:H00WVALXX:1:1224:8287:22212	1008218	1008283	65
E00125:9:H05MEALXX:7:2218:13200:29947	1008139	1008284	145
E00170:22:H00WVALXX:1:1206:15108:38104	1008183	1008287	104
E00121:9:H00UWALXX:7:1107:28547:63807	1008193	1008288	95
E00170:22:H00WVALXX:1:2114:32617:39177	1008194	1008289	95
E00170:22:H00WVALXX:1:1101:32678:58621	1008220	1008292	72
E00170:22:H00WVALXX:1:1108:8764:33305	1008223	1008293	70
E00170:22:H00WVALXX:1:2122:30506:31934	1008217	1008294	77
E00121:9:H00UWALXX:7:1107:21736:5528	1008263	1008295	32
E00170:22:H00WVALXX:1:1101:20163:70980	1008231	1008297	66
E00170:22:H00WVALXX:1:2206:16215:25605	1008232	1008298	66
E00121:9:H00UWALXX:7:1108:32576:44275	1008260	1008299	39
E00125:9:H05MEALXX:7:1217:20295:25921	1008216	1008300	84
E00125:9:H05MEALXX:7:1119:31003:15496	1008178	1008301	123
E00170:22:H00WVALXX:1:1114:7435:68413	1008201	1008302	101
E00170:22:H00WVALXX:1:1224:6389:3067	1008228	1008303	75
E00170:22:H00WVALXX:1:2203:13850:56669	1008227	1008304	77
E00170:22:H00WVALXX:1:1212:29207:16428	1008166	1008305	139
E00121:9:H00UWALXX:7:1121:10327:56652	1008264	1008311	47
E00170:22:H00WVALXX:1:1109:8876:52907	1008213	1008314	101
E00170:22:H00WVALXX:1:2106:2035:28998	1008229	1008315	86
E00170:22:H00WVALXX:1:2222:21827:20876	1008230	1008316	86
E00170:22:H00WVALXX:1:2209:31571:71683	1008235	1008317	82
E00170:22:H00WVALXX:1:2219:20183:59482	1008236	1008318	82
E00125:9:H05MEALXX:7:1217:27298:37313	1008208	1008319	111
E00170:22:H00WVALXX:1:2207:15200:54823	1008211	1008320	109
E00170:22:H00WVALXX:1:2114:13900:39845	1008239	1008321	82
E00170:22:H00WVALXX:1:1202:9587:57443	1008210	1008322	112
E00170:22:H00WVALXX:1:2104:14032:32830	1008252	1008323	71
E00170:22:H00WVALXX:1:2209:6410:3137	1008261	1008324	63
E00170:22:H00WVALXX:1:1108:13758:52714	1008243	1008325	82
E00170:22:H00WVALXX:1:2224:29379:22036	1008241	1008326	85
E00121:9:H00UWALXX:7:1112:7719:68167	1008245	1008327	82
E00170:22:H00WVALXX:1:2105:8440:22546	1008248	1008328	80
E00170:22:H00WVALXX:1:1101:14865:63385	1008286	1008329	43
E00170:22:H00WVALXX:1:1213:18914:57847	1008274	1008331	57
E00121:9:H00UWALXX:7:1111:21259:2522	1008285	1008332	47
E00125:9:H05MEALXX:7:1218:15910:18080	1008246	1008334	88
E00170:22:H00WVALXX:1:2206:17361:15355	1008270	1008335	65
E00170:22:H00WVALXX:1:1122:12033:64949	1008200	1008338	138
E00125:9:H05MEALXX:7:1105:10125:62277	1008249	1008340	91
E00170:22:H00WVALXX:1:2204:30932:68044	1008250	1008341	91
E00170:22:H00WVALXX:1:2211:14286:64985	1008251	1008342	91
E00170:22:H00WVALXX:1:2222:15859:18414	1008256	1008343	87
E00170:22:H00WVALXX:1:2102:4765:68008	1008225	1008345	120
E00170:22:H00WVALXX:1:2219:23715:9237	1008226	1008346	120
E00170:22:H00WVALXX:1:2224:4034:24655	1008238	1008347	109
E00125:9:H05MEALXX:7:1111:13068:48072	1008269	1008348	79
E00125:9:H05MEALXX:7:1112:13423:67358	1008277	1008350	73
E00170:22:H00WVALXX:1:2224:12916:14406	1008281	1008352	71
E00125:9:H05MEALXX:7:1113:20000:30404	1008272	1008353	81
E00121:9:H00UWALXX:7:1105:6085:12877	1008257	1008354	97
E00170:22:H00WVALXX:1:1102:20488:29138	1008259	1008356	97
E00121:9:H00UWALXX:7:1111:32191:5387	1008279	1008357	78
E00125:9:H05MEALXX:7:2205:11921:8780	1008278	1008358	80
E00121:9:H00UWALXX:7:1115:8967:4473	1008280	1008362	82
E00170:22:H00WVALXX:1:2106:19797:26536	1008258	1008363	105
E00170:22:H00WVALXX:1:2107:30069:49848	1008234	1008364	130
E00170:22:H00WVALXX:1:2109:15139:29402	1008290	1008365	75
E00125:9:H05MEALXX:7:1204:29470:24444	1008273	1008368	95
E00170:22:H00WVALXX:1:2223:10368:46490	1008291	1008369	78
E00170:22:H00WVALXX:1:1124:13241:3155	1008306	1008374	68
E00170:22:H00WVALXX:1:1115:25075:60080	1008312	1008375	63
E00170:22:H00WVALXX:1:2203:23604:27679	1008313	1008376	63
E00170:22:H00WVALXX:1:1222:24832:21262	1008336	1008377	41
E00170:22:H00WVALXX:1:2116:10378:8710	1008337	1008378	41
E00170:22:H00WVALXX:1:2221:14347:21948	1008310	1008384	74
E00125:9:H05MEALXX:7:1222:9820:40724	1008351	1008388	37
E00170:22:H00WVALXX:1:1217:10855:34219	1008355	1008389	34
E00170:22:H00WVALXX:1:1112:13484:34518	1008309	1008392	83
E00170:22:H00WVALXX:1:2219:6054:5264	1008367	1008393	26
E00125:9:H05MEALXX:7:2104:32262:71683	1008307	1008398	91
E00170:22:H00WVALXX:1:2119:7293:32514	1008296	1008399	103
E00125:9:H05MEALXX:7:2217:5029:11013	1008359	1008401	42
E00170:22:H00WVALXX:1:2123:30435:46824	1008344	1008403	59
E00170:22:H00WVALXX:1:1122:24669:53821	1008333	1008404	71
E00125:9:H05MEALXX:7:1223:4907:21139	1008371	1008407	36
E00125:9:H05MEALXX:7:2211:25218:45418	1008372	1008408	36
E00170:22:H00WVALXX:1:2102:31490:2627	1008330	1008409	79
E00121:9:H00UWALXX:7:1111:29836:16815	1008308	1008412	104
E00170:22:H00WVALXX:1:2112:23685:22651	1008360	1008419	59
E00170:22:H00WVALXX:1:1103:25918:47615	1008361	1008420	59
E00170:22:H00WVALXX:1:1214:23624:19416	1008413	1008423	10
E00170:22:H00WVALXX:1:2215:30150:61838	1008381	1008424	43
E00125:9:H05MEALXX:7:1109:8298:18748	1008339	1008425	86
E00170:22:H00WVALXX:1:2104:19219:72157	1008370	1008426	56
E00170:22:H00WVALXX:1:2206:5841:13052	1008396	1008430	34
E00170:22:H00WVALXX:1:2206:5902:12419	1008397	1008431	34
E00125:9:H05MEALXX:7:2222:29501:33182	1008421	1008436	15
E00170:22:H00WVALXX:1:2211:22497:37507	1008380	1008437	57
E00121:9:H00UWALXX:7:1106:27674:41550	1008387	1008438	51
E00125:9:H05MEALXX:7:1119:10835:47721	1008379	1008439	60
E00170:22:H00WVALXX:1:2201:12987:57531	1008349	1008441	92
E00121:9:H00UWALXX:7:1116:25583:6003	1008382	1008449	67
E00125:9:H05MEALXX:7:1201:20021:38772	1008394	1008452	58
E00170:22:H00WVALXX:1:2121:26689:5598	1008395	1008453	58
E00125:9:H05MEALXX:7:2214:6572:11892	1008390	1008454	64
E00125:9:H05MEALXX:7:2106:26557:20770	1008385	1008462	77
E00121:9:H00UWALXX:7:1108:5933:23724	1008373	1008464	91
E00170:22:H00WVALXX:1:1204:30709:35661	1008411	1008470	59
E00125:9:H05MEALXX:7:2224:6004:48318	1008383	1008471	88
E00170:22:H00WVALXX:1:1106:25928:13949	1008400	1008481	81
E00170:22:H00WVALXX:1:2214:14195:2135	1008391	1008482	91
E00170:22:H00WVALXX:1:2222:13230:55597	1008405	1008483	78
E00170:22:H00WVALXX:1:1107:28973:13984	1008415	1008485	70
E00170:22:H00WVALXX:1:1107:28983:14002	1008416	1008486	70
E00170:22:H00WVALXX:1:2219:32221:1537	1008443	1008488	45
E00170:22:H00WVALXX:1:1223:7323:57847	1008414	1008490	76
E00170:22:H00WVALXX:1:2217:27136:36364	1008402	1008491	89
E00125:9:H05MEALXX:7:2218:24822:70681	1008417	1008494	77
E00170:22:H00WVALXX:1:1110:6663:72456	1008410	1008495	85
E00170:22:H00WVALXX:1:1216:16844:33938	1008427	1008496	69
E00170:22:H00WVALXX:1:1211:9637:29789	1008366	1008499	133
E00170:22:H00WVALXX:1:2201:26608:23776	1008406	1008500	94
E00170:22:H00WVALXX:1:2102:5110:57847	1008432	1008501	69
E00170:22:H00WVALXX:1:1111:3568:4368	1008487	1008504	17
E00125:9:H05MEALXX:7:2123:22183:46947	1008386	1008507	121
E00170:22:H00WVALXX:1:2222:24345:4702	1008472	1008508	36
E00170:22:H00WVALXX:1:2222:24355:4719	1008473	1008509	36
E00125:9:H05MEALXX:7:1116:10916:21913	1008448	1008510	62
E00170:22:H00WVALXX:1:1201:16123:46015	1008428	1008511	83
E00121:9:H00UWALXX:7:1106:1253:57495	1008422	1008512	90
E00125:9:H05MEALXX:7:2111:29744:59798	1008457	1008513	56
E00121:9:H00UWALXX:7:1122:29643:70276	1008492	1008514	22
E00121:9:H00UWALXX:7:1123:17473:31406	1008493	1008515	22
E00125:9:H05MEALXX:7:2104:29887:36733	1008478	1008516	38
E00125:9:H05MEALXX:7:2104:30008:36417	1008479	1008517	38
E00170:22:H00WVALXX:1:2221:20173:14388	1008433	1008518	85
E00170:22:H00WVALXX:1:1116:20904:65969	1008446	1008521	75
E00170:22:H00WVALXX:1:1121:24862:62664	1008434	1008522	88
E00170:22:H00WVALXX:1:1118:24923:48389	1008418	1008524	106
E00170:22:H00WVALXX:1:2105:3101:26484	1008440	1008525	85
E00121:9:H00UWALXX:7:1117:26212:46191	1008444	1008526	82
E00125:9:H05MEALXX:7:2118:26649:9114	1008445	1008527	82
E00121:9:H00UWALXX:7:2101:10906:50481	1008463	1008528	65
E00125:9:H05MEALXX:7:2115:10876:43150	1008484	1008529	45
E00170:22:H00WVALXX:1:1201:28070:25570	1008435	1008534	99
E00121:9:H00UWALXX:7:1110:25299:58533	1008459	1008535	76
E00170:22:H00WVALXX:1:1212:16184:60045	1008442	1008538	96
E00125:9:H05MEALXX:7:2107:4877:14582	1008498	1008539	41
E00121:9:H00UWALXX:7:1106:22132:55157	1008447	1008540	93
E00121:9:H00UWALXX:7:1105:21330:24937	1008505	1008543	38
E00170:22:H00WVALXX:1:1212:15392:25657	1008506	1008544	38
E00170:22:H00WVALXX:1:1109:21482:51747	1008489	1008545	56
E00121:9:H00UWALXX:7:1121:13921:48248	1008465	1008546	81
E00125:9:H05MEALXX:7:2208:17087:23776	1008467	1008549	82
E00170:22:H00WVALXX:1:2122:23583:59535	1008468	1008550	82
E00121:9:H00UWALXX:7:1113:24182:60642	1008458	1008551	93
E00170:22:H00WVALXX:1:1223:7891:60484	1008456	1008556	100
E00170:22:H00WVALXX:1:1207:15179:33481	1008466	1008557	91
E00125:9:H05MEALXX:7:1110:4075:53522	1008474	1008558	84
E00170:22:H00WVALXX:1:2120:30161:26308	1008450	1008560	110
E00170:22:H00WVALXX:1:2120:30171:26290	1008451	1008561	110
E00170:22:H00WVALXX:1:1105:24253:52538	1008480	1008562	82
E00170:22:H00WVALXX:1:1110:3720:3788	1008429	1008563	134
E00170:22:H00WVALXX:1:1212:4034:55667	1008455	1008566	111
E00170:22:H00WVALXX:1:2107:29785:10995	1008477	1008567	90
E00125:9:H05MEALXX:7:1113:6389:51835	1008497	1008569	72
E00125:9:H05MEALXX:7:1207:12804:57882	1008461	1008573	112
E00125:9:H05MEALXX:7:2121:10764:62541	1008469	1008576	107
E00125:9:H05MEALXX:7:2122:29795:41638	1008553	1008582	29
E00170:22:H00WVALXX:1:2211:2360:9976	1008554	1008583	29
E00170:22:H00WVALXX:1:1101:27440:23390	1008536	1008589	53
E00170:22:H00WVALXX:1:1121:8013:25816	1008530	1008590	60
E00170:22:H00WVALXX:1:2221:24355:9079	1008542	1008591	49
E00170:22:H00WVALXX:1:2107:13819:38087	1008460	1008594	134
E00121:9:H00UWALXX:7:1105:5618:39880	1008555	1008596	41
E00170:22:H00WVALXX:1:2107:18610:33797	1008552	1008597	45
E00125:9:H05MEALXX:7:1217:25502:69890	1008523	1008599	76
E00170:22:H00WVALXX:1:1207:4674:48934	1008547	1008602	55
E00170:22:H00WVALXX:1:1116:26080:42341	1008475	1008611	136
E00170:22:H00WVALXX:1:2203:27786:60625	1008476	1008612	136
E00121:9:H00UWALXX:7:1118:11048:26923	1008548	1008614	66
E00170:22:H00WVALXX:1:2220:8166:48231	1008531	1008615	84
E00121:9:H00UWALXX:7:1109:4471:46402	1008577	1008616	39
E00170:22:H00WVALXX:1:1207:27552:68694	1008537	1008619	82
E00170:22:H00WVALXX:1:1105:10987:21192	1008502	1008621	119
E00170:22:H00WVALXX:1:2110:13220:4913	1008503	1008622	119
E00125:9:H05MEALXX:7:2117:21421:13984	1008541	1008623	82
E00125:9:H05MEALXX:7:2112:17869:28189	1008532	1008624	92
E00121:9:H00UWALXX:7:1104:24304:35256	1008520	1008626	106
E00170:22:H00WVALXX:1:1106:23167:43871	1008519	1008627	108
E00170:22:H00WVALXX:1:2218:12540:66707	1008564	1008628	64
E00125:9:H05MEALXX:7:1201:13383:42746	1008574	1008633	59
E00170:22:H00WVALXX:1:1224:22061:26378	1008533	1008634	101
E00170:22:H00WVALXX:1:2207:23918:59763	1008565	1008635	70
E00170:22:H00WVALXX:1:1202:30820:22809	1008578	1008641	63
E00125:9:H05MEALXX:7:2222:28029:37032	1008595	1008642	47
E00170:22:H00WVALXX:1:1121:31226:42535	1008559	1008643	84
E00170:22:H00WVALXX:1:1206:15798:12156	1008572	1008644	72
E00125:9:H05MEALXX:7:1221:27278:73177	1008579	1008646	67
E00121:9:H00UWALXX:7:1107:15098:56441	1008571	1008647	76
E00170:22:H00WVALXX:1:1109:5303:17711	1008600	1008648	48
E00170:22:H00WVALXX:1:1109:5405:17711	1008601	1008649	48
E00170:22:H00WVALXX:1:2118:5506:48969	1008606	1008657	51
E00170:22:H00WVALXX:1:2118:5516:48951	1008607	1008658	51
E00170:22:H00WVALXX:1:2111:15443:45400	1008598	1008659	61
E00121:9:H00UWALXX:7:1103:27928:38263	1008661	1008663	2
E00170:22:H00WVALXX:1:1224:10480:27205	1008584	1008664	80
E00125:9:H05MEALXX:7:2212:13464:16867	1008592	1008665	73
E00121:9:H00UWALXX:7:1111:11992:2715	1008610	1008667	57
E00170:22:H00WVALXX:1:2206:7222:66180	1008581	1008668	87
E00170:22:H00WVALXX:1:2111:19483:4157	1008585	1008672	87
E00170:22:H00WVALXX:1:2111:19523:4157	1008586	1008673	87
E00170:22:H00WVALXX:1:1214:29501:56107	1008636	1008674	38
E00170:22:H00WVALXX:1:1101:12012:52714	1008570	1008676	106
E00170:22:H00WVALXX:1:1123:30810:9747	1008617	1008677	60
E00125:9:H05MEALXX:7:1115:31054:39247	1008588	1008679	91
E00170:22:H00WVALXX:1:2104:19574:23477	1008605	1008680	75
E00170:22:H00WVALXX:1:2106:11444:11259	1008580	1008683	103
E00170:22:H00WVALXX:1:1203:9932:45207	1008603	1008692	89
E00125:9:H05MEALXX:7:1107:17747:3858	1008637	1008694	57
E00170:22:H00WVALXX:1:1123:6714:26624	1008568	1008695	127
E00121:9:H00UWALXX:7:1120:17179:13175	1008656	1008696	40
E00170:22:H00WVALXX:1:1117:13779:67551	1008593	1008699	106
E00125:9:H05MEALXX:7:1110:20965:53768	1008613	1008702	89
E00125:9:H05MEALXX:7:2110:20660:62137	1008587	1008703	116
E00121:9:H00UWALXX:7:1106:29501:18555	1008631	1008706	75
E00170:22:H00WVALXX:1:2211:6014:21087	1008608	1008707	99
E00170:22:H00WVALXX:1:2202:26222:37700	1008650	1008709	59
E00170:22:H00WVALXX:1:1110:22985:52520	1008682	1008711	29
E00170:22:H00WVALXX:1:1119:27004:49532	1008654	1008712	58
E00121:9:H00UWALXX:7:1113:16336:39915	1008604	1008714	110
E00125:9:H05MEALXX:7:2221:2482:46719	1008618	1008715	97
E00170:22:H00WVALXX:1:1106:27775:25728	1008629	1008716	87
E00170:22:H00WVALXX:1:2208:3689:69661	1008630	1008717	87
E00170:22:H00WVALXX:1:1203:14042:69626	1008632	1008718	86
E00170:22:H00WVALXX:1:1109:23177:1766	1008666	1008720	54
E00170:22:H00WVALXX:1:1119:32749:70698	1008660	1008721	61
E00125:9:H05MEALXX:7:1222:13281:34272	1008681	1008722	41
E00170:22:H00WVALXX:1:2101:23857:16340	1008645	1008723	78
E00125:9:H05MEALXX:7:1202:15737:56071	1008690	1008725	35
E00170:22:H00WVALXX:1:1220:16215:15303	1008691	1008726	35
E00170:22:H00WVALXX:1:2202:13697:51729	1008575	1008728	153
E00170:22:H00WVALXX:1:2119:23786:64281	1008638	1008730	92
E00170:22:H00WVALXX:1:2117:26425:24022	1008684	1008732	48
E00170:22:H00WVALXX:1:2117:26598:24075	1008685	1008733	48
E00170:22:H00WVALXX:1:2123:30952:51588	1008639	1008734	95
E00170:22:H00WVALXX:1:2209:28425:68342	1008640	1008735	95
E00170:22:H00WVALXX:1:2120:25126:28558	1008671	1008737	66
E00121:9:H00UWALXX:7:1102:31105:49567	1008675	1008738	63
E00170:22:H00WVALXX:1:1119:7252:29982	1008655	1008739	84
E00170:22:H00WVALXX:1:2213:15281:63367	1008704	1008740	36
E00170:22:H00WVALXX:1:2119:24588:1924	1008620	1008741	121
E00170:22:H00WVALXX:1:1203:31795:59377	1008609	1008742	133
E00121:9:H00UWALXX:7:1115:1264:48547	1008652	1008743	91
E00170:22:H00WVALXX:1:2107:32536:32602	1008653	1008744	91
E00121:9:H00UWALXX:7:1106:31358:44732	1008688	1008747	59
E00125:9:H05MEALXX:7:2119:19818:38456	1008670	1008749	79
E00170:22:H00WVALXX:1:1111:26354:67991	1008625	1008752	127
E00125:9:H05MEALXX:7:1103:25786:8183	1008697	1008755	58
E00170:22:H00WVALXX:1:2108:23350:33604	1008705	1008757	52
E00170:22:H00WVALXX:1:2113:29937:67762	1008698	1008760	62
E00170:22:H00WVALXX:1:2219:7993:9501	1008651	1008764	113
E00170:22:H00WVALXX:1:2223:22193:20067	1008700	1008767	67
E00170:22:H00WVALXX:1:2223:18092:33287	1008678	1008768	90
E00121:9:H00UWALXX:7:1111:32120:16481	1008689	1008771	82
E00121:9:H00UWALXX:7:1119:19929:49866	1008686	1008773	87
E00170:22:H00WVALXX:1:1110:25877:63156	1008669	1008774	105
E00121:9:H00UWALXX:7:1103:14479:2909	1008754	1008775	21
E00170:22:H00WVALXX:1:2204:30333:62752	1008662	1008776	114
E00170:22:H00WVALXX:1:2103:23918:70452	1008693	1008778	85
E00170:22:H00WVALXX:1:2205:17534:62875	1008729	1008780	51
E00121:9:H00UWALXX:7:1114:26283:21843	1008750	1008781	31
E00170:22:H00WVALXX:1:1222:25400:40460	1008751	1008782	31
E00125:9:H05MEALXX:7:2112:8429:72069	1008713	1008786	73
E00125:9:H05MEALXX:7:1106:11150:66690	1008753	1008787	34
E00170:22:H00WVALXX:1:1214:22599:36206	1008731	1008788	57
E00170:22:H00WVALXX:1:1205:32170:30668	1008719	1008790	71
E00170:22:H00WVALXX:1:1214:18448:45400	1008687	1008792	105
E00125:9:H05MEALXX:7:2111:7120:45084	1008724	1008793	69
E00170:22:H00WVALXX:1:2215:31206:64932	1008727	1008794	67
E00170:22:H00WVALXX:1:1106:7749:44978	1008762	1008797	35
E00170:22:H00WVALXX:1:2110:7465:46631	1008763	1008798	35
E00170:22:H00WVALXX:1:2211:2238:59482	1008748	1008799	51
E00125:9:H05MEALXX:7:2123:5009:2047	1008736	1008800	64
E00170:22:H00WVALXX:1:2114:28841:37137	1008710	1008802	92
E00170:22:H00WVALXX:1:1217:29805:12296	1008758	1008803	45
E00170:22:H00WVALXX:1:1217:29826:12296	1008759	1008804	45
E00125:9:H05MEALXX:7:1218:16549:7128	1008745	1008805	60
E00170:22:H00WVALXX:1:1104:28445:71472	1008746	1008806	60
E00170:22:H00WVALXX:1:2207:7597:52942	1008701	1008807	106
E00170:22:H00WVALXX:1:2103:6734:66918	1008756	1008812	56
E00170:22:H00WVALXX:1:1105:23289:32408	1008772	1008813	41
E00170:22:H00WVALXX:1:1119:25268:6161	1008708	1008821	113
E00121:9:H00UWALXX:7:1105:3953:37032	1008777	1008831	54
E00170:22:H00WVALXX:1:2208:27308:45207	1008761	1008832	71
E00121:9:H00UWALXX:7:1115:4806:10275	1008796	1008837	41
E00170:22:H00WVALXX:1:2106:23056:35415	1008789	1008838	49
E00170:22:H00WVALXX:1:1218:19605:11224	1008766	1008841	75
E00170:22:H00WVALXX:1:2216:24375:38614	1008765	1008842	77
E00170:22:H00WVALXX:1:2217:31825:54823	1008810	1008843	33
E00170:22:H00WVALXX:1:2217:31835:54876	1008811	1008844	33
E00170:22:H00WVALXX:1:2115:26080:55773	1008817	1008848	31
E00170:22:H00WVALXX:1:1104:19757:25657	1008770	1008850	80
E00170:22:H00WVALXX:1:1107:29024:39845	1008849	1008857	8
E00121:9:H00UWALXX:7:1109:26131:40530	1008783	1008858	75
E00121:9:H00UWALXX:7:1112:20000:52450	1008784	1008859	75
E00125:9:H05MEALXX:7:1212:9942:25218	1008769	1008864	95
E00170:22:H00WVALXX:1:2112:19016:50006	1008801	1008866	65
E00170:22:H00WVALXX:1:2217:4461:66461	1008785	1008872	87
E00121:9:H00UWALXX:7:1106:8907:33129	1008779	1008873	94
E00170:22:H00WVALXX:1:2221:13535:19241	1008815	1008875	60
E00170:22:H00WVALXX:1:1222:29450:15092	1008809	1008877	68
E00125:9:H05MEALXX:7:2120:25400:35854	1008820	1008880	60
E00125:9:H05MEALXX:7:2102:29947:56388	1008824	1008883	59
E00170:22:H00WVALXX:1:2123:32800:69731	1008825	1008884	59
E00170:22:H00WVALXX:1:1110:8632:45242	1008814	1008885	71
E00121:9:H00UWALXX:7:2101:12703:50006	1008830	1008886	56
E00125:9:H05MEALXX:7:2206:8886:47018	1008839	1008889	50
E00170:22:H00WVALXX:1:1105:26425:70013	1008834	1008895	61
E00170:22:H00WVALXX:1:1203:21066:50252	1008828	1008897	69
E00170:22:H00WVALXX:1:1215:5395:51659	1008791	1008898	107
E00170:22:H00WVALXX:1:2118:3162:56546	1008833	1008900	67
E00121:9:H00UWALXX:7:1105:25086:28804	1008795	1008901	106
E00170:22:H00WVALXX:1:1212:16651:15180	1008835	1008903	68
E00170:22:H00WVALXX:1:1104:16966:58656	1008819	1008904	85
E00170:22:H00WVALXX:1:1102:17696:44486	1008862	1008905	43
E00170:22:H00WVALXX:1:1102:17717:44486	1008863	1008906	43
E00170:22:H00WVALXX:1:1123:4907:31863	1008845	1008907	62
E00170:22:H00WVALXX:1:2121:2421:24919	1008846	1008908	62
E00170:22:H00WVALXX:1:1203:2319:38808	1008823	1008909	86
E00121:9:H00UWALXX:7:1120:21635:12806	1008826	1008911	85
E00121:9:H00UWALXX:7:1109:9069:43466	1008829	1008912	83
E00170:22:H00WVALXX:1:2106:11068:67850	1008852	1008913	61
E00125:9:H05MEALXX:7:1215:9749:19364	1008822	1008914	92
E00121:9:H00UWALXX:7:1111:17514:4086	1008836	1008915	79
E00125:9:H05MEALXX:7:2119:2776:67938	1008808	1008917	109
E00121:9:H00UWALXX:7:1103:30465:38966	1008818	1008918	100
E00170:22:H00WVALXX:1:2116:3710:35625	1008865	1008919	54
E00170:22:H00WVALXX:1:1109:28476:53909	1008856	1008920	64
E00125:9:H05MEALXX:7:2214:4887:2715	1008816	1008921	105
E00125:9:H05MEALXX:7:2214:23401:17553	1008847	1008924	77
E00170:22:H00WVALXX:1:2213:5476:50780	1008840	1008927	87
E00121:9:H00UWALXX:7:1105:10571:40864	1008902	1008928	26
E00125:9:H05MEALXX:7:1119:26568:71349	1008853	1008929	76
E00170:22:H00WVALXX:1:2119:13352:36258	1008867	1008930	63
E00121:9:H00UWALXX:7:1114:25634:40513	1008876	1008931	55
E00170:22:H00WVALXX:1:2209:13697:43712	1008874	1008932	58
E00125:9:H05MEALXX:7:2120:16874:21825	1008851	1008933	82
E00170:22:H00WVALXX:1:2103:4430:12578	1008827	1008936	109
E00121:9:H00UWALXX:7:1106:16752:58884	1008896	1008938	42
E00170:22:H00WVALXX:1:1218:6288:31301	1008869	1008939	70
E00170:22:H00WVALXX:1:1218:6298:31318	1008870	1008940	70
E00170:22:H00WVALXX:1:1110:29125:34219	1008868	1008941	73
E00170:22:H00WVALXX:1:1115:9708:46332	1008860	1008942	82
E00170:22:H00WVALXX:1:2221:31186:38034	1008861	1008943	82
E00170:22:H00WVALXX:1:2120:27877:36487	1008881	1008946	65
E00125:9:H05MEALXX:7:1121:6065:8200	1008947	1008948	1
E00121:9:H00UWALXX:7:1119:14722:2346	1008888	1008953	65
E00125:9:H05MEALXX:7:2105:25827:28716	1008878	1008954	76
E00170:22:H00WVALXX:1:1120:6998:27468	1008879	1008955	76
E00121:9:H00UWALXX:7:1121:4024:70487	1008945	1008957	12
E00170:22:H00WVALXX:1:1108:17148:37946	1008854	1008958	104
E00170:22:H00WVALXX:1:1109:21493:3348	1008910	1008962	52
E00170:22:H00WVALXX:1:2116:13362:32725	1008855	1008963	108
E00170:22:H00WVALXX:1:2103:28405:60888	1008892	1008965	73
E00125:9:H05MEALXX:7:2118:21361:54102	1008882	1008968	86
E00170:22:H00WVALXX:1:1212:2857:52397	1008916	1008969	53
E00170:22:H00WVALXX:1:2122:14560:56845	1008899	1008971	72
E00121:9:H00UWALXX:7:1106:24050:73177	1008887	1008973	86
E00125:9:H05MEALXX:7:2109:25218:72773	1008891	1008975	84
E00170:22:H00WVALXX:1:1117:17595:19135	1008894	1008979	85
E00170:22:H00WVALXX:1:1206:27197:66250	1008923	1008981	58
E00170:22:H00WVALXX:1:2115:8643:50850	1008871	1008982	111
E00170:22:H00WVALXX:1:2213:10571:40618	1008935	1008985	50
E00121:9:H00UWALXX:7:1110:9597:42095	1008890	1008986	96
E00121:9:H00UWALXX:7:1107:24984:7954	1008893	1008989	96
E00170:22:H00WVALXX:1:1204:9221:14265	1008926	1008994	68
E00121:9:H00UWALXX:7:1106:12459:45224	1008944	1008995	51
E00170:22:H00WVALXX:1:1218:23472:30439	1008951	1008996	45
E00170:22:H00WVALXX:1:2201:9384:56950	1008950	1008998	48
E00125:9:H05MEALXX:7:2220:2339:71155	1008961	1008999	38
E00170:22:H00WVALXX:1:2124:20315:16850	1008976	1009002	26
E00170:22:H00WVALXX:1:2213:30049:48301	1008925	1009004	79
E00125:9:H05MEALXX:7:2106:25065:36575	1008937	1009011	74
E00170:22:H00WVALXX:1:1114:8094:69977	1008970	1009018	48
E00170:22:H00WVALXX:1:2221:4065:57583	1008984	1009019	35
E00170:22:H00WVALXX:1:2122:7465:36469	1008949	1009023	74
E00170:22:H00WVALXX:1:1207:27014:2821	1008967	1009025	58
E00121:9:H00UWALXX:7:1104:20609:50903	1008990	1009027	37
E00170:22:H00WVALXX:1:1103:29044:66637	1008991	1009028	37
E00170:22:H00WVALXX:1:1117:11992:71982	1008992	1009029	37
E00121:9:H00UWALXX:7:1118:19990:17307	1008952	1009030	78
E00170:22:H00WVALXX:1:1105:11271:67112	1008997	1009032	35
E00170:22:H00WVALXX:1:2102:24385:9519	1009009	1009035	26
E00170:22:H00WVALXX:1:2102:25177:8956	1009010	1009036	26
E00170:22:H00WVALXX:1:1215:29044:42165	1009001	1009037	36
E00121:9:H00UWALXX:7:1107:12875:7726	1008974	1009038	64
E00121:9:H00UWALXX:7:1117:32150:12841	1008960	1009039	79
E00125:9:H05MEALXX:7:1207:2035:37964	1008983	1009040	57
E00170:22:H00WVALXX:1:2122:6897:1485	1008977	1009041	64
E00125:9:H05MEALXX:7:1219:28476:43923	1008980	1009042	62
E00125:9:H05MEALXX:7:2207:6115:36276	1009005	1009043	38
E00125:9:H05MEALXX:7:1215:5019:56107	1008978	1009045	67
E00170:22:H00WVALXX:1:2114:17463:30299	1008934	1009048	114
E00125:9:H05MEALXX:7:1214:23370:68096	1008964	1009050	86
E00125:9:H05MEALXX:7:1215:17696:38227	1008966	1009051	85
E00121:9:H00UWALXX:7:1116:8866:73423	1008988	1009052	64
E00170:22:H00WVALXX:1:2208:19351:48266	1008956	1009054	98
E00170:22:H00WVALXX:1:1210:27755:36276	1008922	1009057	135
E00170:22:H00WVALXX:1:2208:15829:31793	1009003	1009058	55
E00121:9:H00UWALXX:7:1112:18458:38808	1009013	1009061	48
E00121:9:H00UWALXX:7:2101:11617:52661	1009021	1009062	41
E00125:9:H05MEALXX:7:1216:23177:50815	1009022	1009063	41
E00170:22:H00WVALXX:1:1117:12997:40741	1009014	1009064	50
E00170:22:H00WVALXX:1:2118:2187:44170	1009026	1009065	39
E00170:22:H00WVALXX:1:1113:24801:15092	1008987	1009066	79
E00170:22:H00WVALXX:1:1213:27278:1766	1008972	1009068	96
E00170:22:H00WVALXX:1:1204:16184:55685	1008993	1009079	86
E00170:22:H00WVALXX:1:1214:4095:52010	1008959	1009080	121
E00121:9:H00UWALXX:7:1124:1639:3735	1009006	1009081	75
E00170:22:H00WVALXX:1:1202:7283:28945	1009007	1009082	75
E00125:9:H05MEALXX:7:1220:12743:55878	1009020	1009087	67
E00170:22:H00WVALXX:1:1212:25674:13263	1009012	1009092	80
E00170:22:H00WVALXX:1:1210:13647:5792	1009008	1009095	87
E00170:22:H00WVALXX:1:2112:21411:31652	1009034	1009096	62
E00170:22:H00WVALXX:1:2110:26831:44978	1009000	1009098	98
E00125:9:H05MEALXX:7:1210:7232:30650	1009053	1009099	46
E00170:22:H00WVALXX:1:1106:5861:21350	1009033	1009100	67
E00170:22:H00WVALXX:1:1116:15605:40372	1009024	1009101	77
E00170:22:H00WVALXX:1:1116:6399:39194	1009046	1009103	57
E00121:9:H00UWALXX:7:1101:18539:60924	1009016	1009108	92
E00121:9:H00UWALXX:7:1114:18387:12103	1009055	1009109	54
E00170:22:H00WVALXX:1:2215:9272:14740	1009044	1009111	67
E00125:9:H05MEALXX:7:1209:12642:24128	1009060	1009116	56
E00170:22:H00WVALXX:1:1124:8775:30017	1009015	1009119	104
E00170:22:H00WVALXX:1:1118:30942:19961	1009031	1009121	90
E00125:9:H05MEALXX:7:2207:2136:53856	1009047	1009122	75
E00170:22:H00WVALXX:1:2121:30069:2733	1009090	1009123	33
E00170:22:H00WVALXX:1:1118:9607:63631	1009056	1009125	69
E00170:22:H00WVALXX:1:1205:12337:23706	1009017	1009126	109
E00170:22:H00WVALXX:1:2214:5141:16164	1009049	1009127	78
E00121:9:H00UWALXX:7:1102:27451:55474	1009069	1009129	60
E00125:9:H05MEALXX:7:1106:8348:60115	1009072	1009131	59
E00170:22:H00WVALXX:1:2117:20173:25323	1009073	1009132	59
E00121:9:H00UWALXX:7:1119:24497:63367	1009059	1009133	74
E00170:22:H00WVALXX:1:1213:31074:7392	1009074	1009135	61
E00121:9:H00UWALXX:7:1118:27907:32637	1009083	1009137	54
E00170:22:H00WVALXX:1:1108:22325:47650	1009084	1009139	55
E00170:22:H00WVALXX:1:1113:24324:20594	1009085	1009140	55
E00170:22:H00WVALXX:1:1209:18498:56669	1009086	1009141	55
E00121:9:H00UWALXX:7:1117:32830:66936	1009077	1009144	67
E00170:22:H00WVALXX:1:1104:14722:21719	1009094	1009145	51
E00170:22:H00WVALXX:1:1210:10815:55667	1009093	1009148	55
E00170:22:H00WVALXX:1:1207:29694:46103	1009075	1009149	74
E00125:9:H05MEALXX:7:1209:22203:26941	1009076	1009151	75
E00170:22:H00WVALXX:1:2213:3314:63174	1009089	1009154	65
E00121:9:H00UWALXX:7:1104:6765:16164	1009078	1009155	77
E00170:22:H00WVALXX:1:1224:9424:48477	1009105	1009156	51
E00170:22:H00WVALXX:1:2215:6247:64492	1009091	1009162	71
E00170:22:H00WVALXX:1:2220:10064:29894	1009070	1009165	95
E00121:9:H00UWALXX:7:1110:14134:6460	1009067	1009168	101
E00125:9:H05MEALXX:7:1124:14743:25376	1009113	1009171	58
E00121:9:H00UWALXX:7:1108:12033:53382	1009097	1009172	75
E00125:9:H05MEALXX:7:2108:15362:25710	1009071	1009177	106
E00170:22:H00WVALXX:1:2211:25380:37401	1009104	1009178	74
E00125:9:H05MEALXX:7:1119:25238:29771	1009142	1009183	41
E00125:9:H05MEALXX:7:1207:17027:32567	1009143	1009184	41
E00170:22:H00WVALXX:1:1104:17382:27732	1009106	1009185	79
E00170:22:H00WVALXX:1:1224:11596:73124	1009107	1009186	79
E00170:22:H00WVALXX:1:1212:21696:64106	1009167	1009189	22
E00170:22:H00WVALXX:1:1208:17047:22440	1009124	1009193	69
E00170:22:H00WVALXX:1:1209:22751:36821	1009110	1009195	85
E00170:22:H00WVALXX:1:2220:15504:6512	1009088	1009199	111
E00170:22:H00WVALXX:1:1123:4836:37260	1009134	1009200	66
E00170:22:H00WVALXX:1:1108:6602:70487	1009120	1009204	84
E00170:22:H00WVALXX:1:1119:14794:56335	1009190	1009205	15
E00170:22:H00WVALXX:1:1203:31551:50129	1009118	1009207	89
E00170:22:H00WVALXX:1:1115:4106:65389	1009114	1009208	94
E00170:22:H00WVALXX:1:2107:29156:72245	1009115	1009209	94
E00170:22:H00WVALXX:1:1208:14722:23407	1009158	1009211	53
E00121:9:H00UWALXX:7:1109:19706:59816	1009117	1009212	95
E00170:22:H00WVALXX:1:1114:9881:68571	1009102	1009213	111
E00121:9:H00UWALXX:7:1122:6298:23407	1009150	1009215	65
E00125:9:H05MEALXX:7:2222:29075:67815	1009169	1009216	47
E00170:22:H00WVALXX:1:1116:32150:69942	1009128	1009217	89
E00121:9:H00UWALXX:7:1113:28334:24444	1009112	1009219	107
E00170:22:H00WVALXX:1:2203:27836:4948	1009166	1009220	54
E00125:9:H05MEALXX:7:2224:5577:16463	1009136	1009221	85
E00170:22:H00WVALXX:1:1201:26344:31723	1009159	1009222	63
E00170:22:H00WVALXX:1:1201:26365:31723	1009160	1009223	63
E00170:22:H00WVALXX:1:1101:8531:49039	1009163	1009227	64
E00170:22:H00WVALXX:1:1215:22873:49408	1009164	1009228	64
E00170:22:H00WVALXX:1:2117:4715:36452	1009179	1009230	51
E00170:22:H00WVALXX:1:2117:4938:36381	1009180	1009231	51
E00170:22:H00WVALXX:1:2224:22964:64088	1009182	1009232	50
E00121:9:H00UWALXX:7:1114:22822:25868	1009130	1009233	103
E00121:9:H00UWALXX:7:1106:22548:50252	1009152	1009235	83
E00170:22:H00WVALXX:1:2221:17483:41972	1009174	1009236	62
E00170:22:H00WVALXX:1:2221:17615:41919	1009175	1009237	62
E00121:9:H00UWALXX:7:1109:2167:3313	1009161	1009238	77
E00170:22:H00WVALXX:1:1213:22010:23794	1009146	1009239	93
E00121:9:H00UWALXX:7:1120:14256:52661	1009153	1009242	89
E00170:22:H00WVALXX:1:1113:7384:14213	1009147	1009247	100
E00170:22:H00WVALXX:1:2222:3375:13422	1009157	1009251	94
E00170:22:H00WVALXX:1:2207:14459:8569	1009181	1009253	72
E00170:22:H00WVALXX:1:1115:6978:23565	1009194	1009261	67
E00121:9:H00UWALXX:7:1104:22599:57724	1009138	1009265	127
E00170:22:H00WVALXX:1:1219:22142:67305	1009176	1009266	90
E00121:9:H00UWALXX:7:1118:17067:62101	1009218	1009272	54
E00170:22:H00WVALXX:1:1207:8907:28839	1009170	1009273	103
E00170:22:H00WVALXX:1:2104:9079:55649	1009224	1009274	50
E00170:22:H00WVALXX:1:2114:4004:12332	1009225	1009275	50
E00170:22:H00WVALXX:1:2114:4034:12349	1009226	1009276	50
E00170:22:H00WVALXX:1:1111:24243:41304	1009214	1009281	67
E00170:22:H00WVALXX:1:2117:4552:38878	1009192	1009282	90
E00170:22:H00WVALXX:1:2224:15920:18063	1009173	1009283	110
E00170:22:H00WVALXX:1:2115:31023:36417	1009206	1009286	80
E00170:22:H00WVALXX:1:1120:32150:50428	1009191	1009287	96
E00170:22:H00WVALXX:1:1104:13383:52485	1009245	1009288	43
E00125:9:H05MEALXX:7:2116:18224:67657	1009197	1009290	93
E00125:9:H05MEALXX:7:2116:18275:67639	1009198	1009291	93
E00170:22:H00WVALXX:1:1110:26466:32953	1009187	1009293	106
E00121:9:H00UWALXX:7:1101:7049:26783	1009241	1009299	58
E00125:9:H05MEALXX:7:1121:22376:66198	1009277	1009302	25
E00121:9:H00UWALXX:7:1122:11698:67604	1009210	1009305	95
E00170:22:H00WVALXX:1:2113:5110:25499	1009249	1009306	57
E00170:22:H00WVALXX:1:2213:16133:48072	1009250	1009307	57
E00170:22:H00WVALXX:1:2206:21574:68571	1009279	1009309	30
E00170:22:H00WVALXX:1:1124:11261:1309	1009278	1009311	33
E00121:9:H00UWALXX:7:1114:31500:27820	1009252	1009313	61
E00170:22:H00WVALXX:1:1113:28344:27732	1009234	1009315	81
E00121:9:H00UWALXX:7:1123:24213:63051	1009201	1009318	117
E00121:9:H00UWALXX:7:1123:24223:63033	1009202	1009319	117
E00170:22:H00WVALXX:1:2211:2492:10908	1009203	1009320	117
E00170:22:H00WVALXX:1:1209:24375:45470	1009188	1009321	133
E00170:22:H00WVALXX:1:1215:29196:65811	1009244	1009322	78
E00170:22:H00WVALXX:1:1205:30130:39616	1009196	1009324	128
E00121:9:H00UWALXX:7:1119:4359:49936	1009229	1009325	96
E00170:22:H00WVALXX:1:2108:6592:12455	1009255	1009327	72
E00170:22:H00WVALXX:1:2104:4461:45084	1009271	1009328	57
E00170:22:H00WVALXX:1:1213:6775:12525	1009260	1009332	72
E00170:22:H00WVALXX:1:1106:21350:42165	1009296	1009336	40
E00125:9:H05MEALXX:7:2212:23624:50709	1009257	1009337	80
E00170:22:H00WVALXX:1:2211:25613:41286	1009259	1009338	79
E00170:22:H00WVALXX:1:1211:16793:22809	1009263	1009339	76
E00170:22:H00WVALXX:1:1224:5019:37999	1009340	1009341	1
E00170:22:H00WVALXX:1:2106:21655:33235	1009248	1009343	95
E00121:9:H00UWALXX:7:1103:10480:30861	1009285	1009345	60
E00121:9:H00UWALXX:7:1109:25583:50375	1009267	1009347	80
E00170:22:H00WVALXX:1:1212:7232:66971	1009268	1009348	80
E00170:22:H00WVALXX:1:2118:29623:38843	1009258	1009354	96
E00170:22:H00WVALXX:1:2223:29247:47721	1009246	1009360	114
E00170:22:H00WVALXX:1:1213:16590:1959	1009270	1009361	91
E00121:9:H00UWALXX:7:1121:27745:61187	1009294	1009362	68
E00170:22:H00WVALXX:1:1209:10297:54559	1009262	1009364	102
E00125:9:H05MEALXX:7:2105:4857:26642	1009289	1009369	80
E00170:22:H00WVALXX:1:1212:32272:1379	1009240	1009372	132
E00170:22:H00WVALXX:1:2106:4796:37331	1009254	1009373	119
E00121:9:H00UWALXX:7:1102:27014:38227	1009303	1009374	71
E00170:22:H00WVALXX:1:1107:20447:29455	1009308	1009375	67
E00170:22:H00WVALXX:1:2203:25827:72527	1009300	1009380	80
E00170:22:H00WVALXX:1:2203:25999:72263	1009301	1009381	80
E00125:9:H05MEALXX:7:2220:22365:26449	1009256	1009382	126
E00170:22:H00WVALXX:1:2210:14316:35960	1009284	1009384	100
E00170:22:H00WVALXX:1:2108:29643:27064	1009269	1009385	116
E00170:22:H00WVALXX:1:1122:15636:27697	1009280	1009386	106
E00170:22:H00WVALXX:1:2211:29704:2381	1009312	1009387	75
E00121:9:H00UWALXX:7:1112:6694:23390	1009329	1009388	59
E00170:22:H00WVALXX:1:2209:14682:50340	1009298	1009394	96
E00170:22:H00WVALXX:1:1206:32343:37542	1009353	1009396	43
E00170:22:H00WVALXX:1:2115:16499:48987	1009331	1009397	66
E00170:22:H00WVALXX:1:2120:21432:41673	1009310	1009398	88
E00170:22:H00WVALXX:1:1210:11058:6583	1009243	1009400	157
E00170:22:H00WVALXX:1:2223:11302:31617	1009295	1009401	106
E00121:9:H00UWALXX:7:1118:5679:47123	1009264	1009405	141
E00125:9:H05MEALXX:7:1124:24365:27134	1009365	1009406	41
E00121:9:H00UWALXX:7:1101:29379:68800	1009355	1009408	53
E00170:22:H00WVALXX:1:2114:29684:17078	1009292	1009410	118
E00125:9:H05MEALXX:7:2204:11972:30035	1009304	1009414	110
E00170:22:H00WVALXX:1:2209:29349:44064	1009326	1009415	89
E00170:22:H00WVALXX:1:2115:17138:33850	1009335	1009416	81
E00121:9:H00UWALXX:7:1123:20447:4913	1009323	1009418	95
E00170:22:H00WVALXX:1:2212:31135:40407	1009350	1009419	69
E00125:9:H05MEALXX:7:1104:32779:31723	1009316	1009421	105
E00170:22:H00WVALXX:1:2103:15880:48547	1009317	1009422	105
E00170:22:H00WVALXX:1:2222:15981:2135	1009342	1009425	83
E00121:9:H00UWALXX:7:1108:5222:43414	1009368	1009428	60
E00170:22:H00WVALXX:1:2218:18600:4842	1009356	1009429	73
E00170:22:H00WVALXX:1:2218:18610:4860	1009357	1009430	73
E00170:22:H00WVALXX:1:2123:19067:5546	1009330	1009433	103
E00170:22:H00WVALXX:1:2114:31450:52169	1009352	1009434	82
E00125:9:H05MEALXX:7:1221:17534:23073	1009346	1009439	93
E00170:22:H00WVALXX:1:2211:10805:46824	1009314	1009440	126
E00170:22:H00WVALXX:1:2121:10906:70804	1009393	1009441	48
E00170:22:H00WVALXX:1:1202:24385:27732	1009297	1009444	147
E00121:9:H00UWALXX:7:2101:32576:21632	1009390	1009449	59
E00125:9:H05MEALXX:7:2108:20508:5053	1009363	1009451	88
E00170:22:H00WVALXX:1:1216:27714:25517	1009417	1009452	35
E00125:9:H05MEALXX:7:2204:23370:55685	1009344	1009453	109
E00125:9:H05MEALXX:7:2115:6125:67305	1009351	1009454	103
E00170:22:H00WVALXX:1:1115:30648:55456	1009371	1009455	84
E00170:22:H00WVALXX:1:1218:6501:43836	1009392	1009456	64
E00121:9:H00UWALXX:7:1103:30800:49707	1009376	1009457	81
E00121:9:H00UWALXX:7:1118:23878:63279	1009366	1009458	92
E00170:22:H00WVALXX:1:1203:8135:53241	1009367	1009459	92
E00170:22:H00WVALXX:1:1207:9901:52116	1009333	1009460	127
E00170:22:H00WVALXX:1:2210:29399:22282	1009379	1009461	82
E00170:22:H00WVALXX:1:2224:31724:53030	1009358	1009462	104
E00170:22:H00WVALXX:1:2224:31795:53012	1009359	1009463	104
E00170:22:H00WVALXX:1:2202:30313:30404	1009377	1009469	92
E00170:22:H00WVALXX:1:2202:30577:30510	1009378	1009470	92
E00121:9:H00UWALXX:7:1114:13352:35696	1009409	1009472	63
E00121:9:H00UWALXX:7:1121:5993:64862	1009420	1009475	55
E00170:22:H00WVALXX:1:1121:15697:6882	1009389	1009476	87
E00170:22:H00WVALXX:1:1211:20417:44240	1009403	1009477	74
E00170:22:H00WVALXX:1:2207:28516:24691	1009383	1009478	95
E00125:9:H05MEALXX:7:2104:19087:16973	1009407	1009479	72
E00170:22:H00WVALXX:1:2108:28192:33305	1009349	1009484	135
E00170:22:H00WVALXX:1:2219:31105:15144	1009427	1009485	58
E00121:9:H00UWALXX:7:1119:27004:60537	1009402	1009490	88
E00170:22:H00WVALXX:1:2211:15463:59957	1009404	1009491	87
E00170:22:H00WVALXX:1:2202:30800:39054	1009391	1009492	101
E00170:22:H00WVALXX:1:1114:7252:8007	1009370	1009496	126
E00121:9:H00UWALXX:7:1112:20965:9677	1009426	1009497	71
E00170:22:H00WVALXX:1:1221:31358:70505	1009445	1009499	54
E00170:22:H00WVALXX:1:2103:11495:29595	1009424	1009503	79
E00125:9:H05MEALXX:7:1223:28425:67323	1009435	1009505	70
E00170:22:H00WVALXX:1:2110:12510:50657	1009436	1009506	70
E00170:22:H00WVALXX:1:2110:12652:49883	1009437	1009507	70
E00170:22:H00WVALXX:1:1111:12662:47756	1009494	1009509	15
E00170:22:H00WVALXX:1:2103:8815:7972	1009395	1009511	116
E00170:22:H00WVALXX:1:2206:9790:38843	1009450	1009512	62
E00170:22:H00WVALXX:1:1122:13677:3348	1009466	1009514	48
E00170:22:H00WVALXX:1:1122:13687:3366	1009467	1009515	48
E00170:22:H00WVALXX:1:2223:20508:61627	1009486	1009520	34
E00170:22:H00WVALXX:1:2223:20528:61627	1009487	1009521	34
E00170:22:H00WVALXX:1:1214:15128:8745	1009423	1009522	99
E00170:22:H00WVALXX:1:2107:11637:35713	1009447	1009524	77
E00170:22:H00WVALXX:1:2207:22335:50586	1009448	1009525	77
E00125:9:H05MEALXX:7:2103:30353:28013	1009431	1009526	95
E00170:22:H00WVALXX:1:1220:12378:25991	1009438	1009527	89
E00170:22:H00WVALXX:1:1211:12002:8780	1009413	1009528	115
E00121:9:H00UWALXX:7:2101:10013:63525	1009411	1009530	119
E00170:22:H00WVALXX:1:1116:27593:41726	1009443	1009531	88
E00170:22:H00WVALXX:1:1105:31216:30879	1009399	1009533	134
E00170:22:H00WVALXX:1:1120:15687:71525	1009442	1009534	92
E00170:22:H00WVALXX:1:1103:22903:20383	1009482	1009537	55
E00170:22:H00WVALXX:1:1220:10784:48512	1009483	1009538	55
E00170:22:H00WVALXX:1:2224:5760:53628	1009412	1009539	127
E00170:22:H00WVALXX:1:1105:25745:41234	1009334	1009545	211
E00170:22:H00WVALXX:1:2209:11941:5686	1009504	1009553	49
E00121:9:H00UWALXX:7:1117:10064:70821	1009464	1009555	91
E00121:9:H00UWALXX:7:1104:23959:33780	1009473	1009556	83
E00170:22:H00WVALXX:1:1223:19757:29806	1009474	1009557	83
E00170:22:H00WVALXX:1:1112:16884:70435	1009481	1009558	77
E00121:9:H00UWALXX:7:1104:20041:10785	1009508	1009566	58
E00170:22:H00WVALXX:1:2109:25441:63350	1009488	1009567	79
E00121:9:H00UWALXX:7:1116:8602:43853	1009516	1009570	54
E00125:9:H05MEALXX:7:2204:3131:11488	1009432	1009573	141
E00125:9:H05MEALXX:7:1214:13291:41954	1009493	1009574	81
E00170:22:H00WVALXX:1:1208:7567:50850	1009495	1009576	81
E00125:9:H05MEALXX:7:1108:22558:30861	1009465	1009577	112
E00170:22:H00WVALXX:1:1223:14489:14037	1009468	1009578	110
E00121:9:H00UWALXX:7:2101:19077:43115	1009498	1009580	82
E00170:22:H00WVALXX:1:2103:25370:19346	1009489	1009581	92
E00125:9:H05MEALXX:7:1217:19280:21456	1009542	1009582	40
E00170:22:H00WVALXX:1:2119:8663:59535	1009471	1009583	112
E00121:9:H00UWALXX:7:1109:4583:43255	1009561	1009586	25
E00125:9:H05MEALXX:7:1102:12672:50622	1009562	1009587	25
E00125:9:H05MEALXX:7:2201:8825:55421	1009523	1009588	65
E00121:9:H00UWALXX:7:2101:16103:34588	1009500	1009590	90
E00170:22:H00WVALXX:1:1122:7607:55984	1009501	1009591	90
E00170:22:H00WVALXX:1:1107:19686:44205	1009517	1009593	76
E00121:9:H00UWALXX:7:1113:23015:18221	1009540	1009594	54
E00125:9:H05MEALXX:7:2220:28628:25763	1009446	1009596	150
E00170:22:H00WVALXX:1:2114:25695:42798	1009541	1009597	56
E00170:22:H00WVALXX:1:2201:20112:31617	1009544	1009598	54
E00170:22:H00WVALXX:1:2210:25228:13685	1009532	1009604	72
E00170:22:H00WVALXX:1:1209:15200:53206	1009572	1009607	35
E00170:22:H00WVALXX:1:2208:29156:50446	1009518	1009608	90
E00170:22:H00WVALXX:1:2208:29156:50481	1009519	1009609	90
E00170:22:H00WVALXX:1:2124:2136:8007	1009551	1009610	59
E00125:9:H05MEALXX:7:1206:2999:31019	1009535	1009611	76
E00170:22:H00WVALXX:1:1222:9688:64756	1009536	1009612	76
E00121:9:H00UWALXX:7:1119:18620:47598	1009510	1009613	103
E00121:9:H00UWALXX:7:1115:20183:7585	1009559	1009614	55
E00170:22:H00WVALXX:1:1218:26791:28066	1009480	1009616	136
E00170:22:H00WVALXX:1:1206:18722:6249	1009543	1009617	74
E00170:22:H00WVALXX:1:1207:22162:46068	1009569	1009622	53
E00170:22:H00WVALXX:1:1218:30211:56036	1009546	1009625	79
E00170:22:H00WVALXX:1:2224:22497:30510	1009547	1009626	79
E00170:22:H00WVALXX:1:1109:9678:36645	1009549	1009629	80
E00170:22:H00WVALXX:1:2119:13038:6178	1009502	1009633	131
E00125:9:H05MEALXX:7:2212:8399:46525	1009563	1009635	72
E00170:22:H00WVALXX:1:1124:13981:51483	1009552	1009636	84
E00170:22:H00WVALXX:1:2215:30577:34870	1009513	1009638	125
E00121:9:H00UWALXX:7:1107:17737:31230	1009571	1009641	70
E00170:22:H00WVALXX:1:1214:20944:38474	1009560	1009642	82
E00170:22:H00WVALXX:1:1110:29816:40653	1009564	1009643	79
E00170:22:H00WVALXX:1:2108:29592:33586	1009601	1009650	49
E00170:22:H00WVALXX:1:1124:5669:58287	1009550	1009655	105
E00121:9:H00UWALXX:7:1116:27177:33129	1009585	1009657	72
E00121:9:H00UWALXX:7:1115:20376:5739	1009568	1009661	93
E00121:9:H00UWALXX:7:2101:2806:27767	1009584	1009662	78
E00170:22:H00WVALXX:1:1219:15413:29631	1009554	1009664	110
E00170:22:H00WVALXX:1:2202:25837:58269	1009565	1009665	100
E00125:9:H05MEALXX:7:2209:27836:52309	1009592	1009666	74
E00121:9:H00UWALXX:7:1104:19402:18854	1009618	1009667	49
E00125:9:H05MEALXX:7:2205:32546:63807	1009619	1009668	49
E00121:9:H00UWALXX:7:1110:13971:59377	1009658	1009669	11
E00121:9:H00UWALXX:7:1118:7699:41656	1009548	1009671	123
E00125:9:H05MEALXX:7:2221:21259:34483	1009575	1009676	101
E00170:22:H00WVALXX:1:2112:2065:8200	1009529	1009678	149
E00170:22:H00WVALXX:1:1223:27775:71542	1009605	1009679	74
E00170:22:H00WVALXX:1:2220:8369:58181	1009606	1009680	74
E00170:22:H00WVALXX:1:1219:32434:7392	1009639	1009682	43
E00170:22:H00WVALXX:1:1110:5973:69151	1009634	1009685	51
E00125:9:H05MEALXX:7:2201:4775:11558	1009630	1009686	56
E00170:22:H00WVALXX:1:1116:22924:61381	1009631	1009687	56
E00170:22:H00WVALXX:1:1221:31176:48037	1009632	1009688	56
E00125:9:H05MEALXX:7:2203:18874:2645	1009637	1009689	52
E00125:9:H05MEALXX:7:1215:10926:4561	1009628	1009690	62
E00125:9:H05MEALXX:7:1217:25075:22774	1009615	1009691	76
E00170:22:H00WVALXX:1:1102:14448:44380	1009620	1009692	72
E00170:22:H00WVALXX:1:1106:15027:32232	1009644	1009693	49
E00170:22:H00WVALXX:1:1106:15037:32215	1009645	1009694	49
E00125:9:H05MEALXX:7:1202:3750:39071	1009599	1009695	96
E00170:22:H00WVALXX:1:1224:11627:11154	1009600	1009696	96
E00170:22:H00WVALXX:1:2206:19990:50956	1009640	1009697	57
E00170:22:H00WVALXX:1:2112:20193:61469	1009602	1009702	100
E00170:22:H00WVALXX:1:1209:14418:3788	1009646	1009703	57
E00170:22:H00WVALXX:1:2208:8704:43150	1009624	1009705	81
E00170:22:H00WVALXX:1:2101:22152:55192	1009670	1009706	36
E00170:22:H00WVALXX:1:2223:9160:13000	1009649	1009707	58
E00170:22:H00WVALXX:1:1210:12134:49022	1009579	1009708	129
E00125:9:H05MEALXX:7:1208:27978:37577	1009595	1009709	114
E00125:9:H05MEALXX:7:2102:9485:62646	1009603	1009710	107
E00121:9:H00UWALXX:7:1105:31531:62260	1009589	1009713	124
E00125:9:H05MEALXX:7:2203:19899:53891	1009701	1009714	13
E00170:22:H00WVALXX:1:1101:25035:45207	1009647	1009716	69
E00170:22:H00WVALXX:1:2116:25958:50709	1009648	1009717	69
E00125:9:H05MEALXX:7:2205:14418:27556	1009656	1009718	62
E00121:9:H00UWALXX:7:1114:30770:28031	1009621	1009719	98
E00125:9:H05MEALXX:7:2114:15961:27732	1009659	1009720	61
E00170:22:H00WVALXX:1:2121:30617:62893	1009660	1009721	61
E00125:9:H05MEALXX:7:1207:8023:19364	1009627	1009722	95
E00121:9:H00UWALXX:7:1112:13322:30299	1009723	1009724	1
E00125:9:H05MEALXX:7:1211:6866:7057	1009654	1009725	71
E00170:22:H00WVALXX:1:2105:7455:13808	1009623	1009726	103
E00170:22:H00WVALXX:1:1211:31703:13228	1009673	1009728	55
E00170:22:H00WVALXX:1:1211:31714:13246	1009674	1009729	55
E00170:22:H00WVALXX:1:1215:6176:37085	1009699	1009730	31
E00170:22:H00WVALXX:1:2209:2969:12718	1009663	1009737	74
E00170:22:H00WVALXX:1:1110:26030:57759	1009653	1009738	85
E00170:22:H00WVALXX:1:1116:30962:62576	1009677	1009739	62
E00125:9:H05MEALXX:7:2101:3568:30351	1009700	1009740	40
E00121:9:H00UWALXX:7:1111:11008:25904	1009652	1009744	92
E00125:9:H05MEALXX:7:2115:15666:37594	1009684	1009748	64
E00170:22:H00WVALXX:1:1208:4918:54981	1009681	1009749	68
E00170:22:H00WVALXX:1:1108:14266:62418	1009704	1009751	47
E00125:9:H05MEALXX:7:1116:32373:17377	1009675	1009754	79
E00125:9:H05MEALXX:7:2121:26395:16762	1009698	1009755	57
E00170:22:H00WVALXX:1:1120:17575:26484	1009672	1009756	84
E00125:9:H05MEALXX:7:2117:26354:64580	1009651	1009766	115
E00125:9:H05MEALXX:7:1115:15788:26167	1009734	1009769	35
E00170:22:H00WVALXX:1:2202:25360:49672	1009712	1009770	58
E00170:22:H00WVALXX:1:2218:17128:52397	1009760	1009773	13
E00121:9:H00UWALXX:7:1114:6795:10908	1009763	1009774	11
E00170:22:H00WVALXX:1:2206:21097:41339	1009759	1009777	18
E00125:9:H05MEALXX:7:1104:10591:19768	1009772	1009780	8
E00125:9:H05MEALXX:7:2221:3385:20893	1009742	1009782	40
E00170:22:H00WVALXX:1:1103:31927:24339	1009743	1009783	40
E00121:9:H00UWALXX:7:1102:28993:35608	1009746	1009787	41
E00170:22:H00WVALXX:1:1213:25979:4579	1009747	1009788	41
E00121:9:H00UWALXX:7:1101:8622:20331	1009683	1009789	106
E00170:22:H00WVALXX:1:2120:7810:22370	1009715	1009791	76
E00170:22:H00WVALXX:1:2102:18031:22704	1009736	1009792	56
E00170:22:H00WVALXX:1:2118:15748:27152	1009790	1009793	3
E00170:22:H00WVALXX:1:1107:24568:21895	1009735	1009794	59
E00170:22:H00WVALXX:1:1201:31105:40355	1009767	1009795	28
E00170:22:H00WVALXX:1:1203:11028:67042	1009732	1009796	64
E00125:9:H05MEALXX:7:1204:16854:69432	1009761	1009797	36
E00125:9:H05MEALXX:7:1218:7780:22985	1009762	1009798	36
E00170:22:H00WVALXX:1:2102:24395:55140	1009731	1009799	68
E00125:9:H05MEALXX:7:1204:2766:47844	1009741	1009803	62
E00170:22:H00WVALXX:1:2212:19057:33832	1009786	1009804	18
E00121:9:H00UWALXX:7:1105:29947:45207	1009733	1009807	74
E00170:22:H00WVALXX:1:1107:26446:22686	1009757	1009810	53
E00170:22:H00WVALXX:1:2215:4095:10099	1009765	1009812	47
E00170:22:H00WVALXX:1:1224:31724:43185	1009752	1009813	61
E00170:22:H00WVALXX:1:2212:20396:67270	1009768	1009815	47
E00170:22:H00WVALXX:1:1202:24954:31002	1009745	1009817	72
E00125:9:H05MEALXX:7:2124:25248:50112	1009758	1009818	60
E00121:9:H00UWALXX:7:1102:32089:28312	1009750	1009819	69
E00121:9:H00UWALXX:7:1109:6207:61222	1009806	1009820	14
E00125:9:H05MEALXX:7:1206:30079:15725	1009776	1009821	45
E00170:22:H00WVALXX:1:1209:31328:18871	1009711	1009823	112
E00125:9:H05MEALXX:7:1117:9901:2785	1009785	1009826	41
E00170:22:H00WVALXX:1:1109:2654:16568	1009753	1009828	75
E00125:9:H05MEALXX:7:2114:18671:19698	1009778	1009835	57
E00170:22:H00WVALXX:1:2220:18336:12859	1009775	1009838	63
E00170:22:H00WVALXX:1:2108:18681:66373	1009727	1009841	114
E00170:22:H00WVALXX:1:2104:5851:47105	1009764	1009844	80
E00170:22:H00WVALXX:1:2123:15819:13316	1009829	1009846	17
E00170:22:H00WVALXX:1:2211:15159:34325	1009771	1009847	76
E00170:22:H00WVALXX:1:2102:15342:70083	1009814	1009851	37
E00170:22:H00WVALXX:1:2116:2076:27486	1009824	1009854	30
E00121:9:H00UWALXX:7:1103:2410:2785	1009811	1009859	48
E00170:22:H00WVALXX:1:2104:26172:27275	1009808	1009860	52
E00170:22:H00WVALXX:1:2216:2756:21983	1009809	1009861	52
E00170:22:H00WVALXX:1:2207:4796:69221	1009781	1009867	86
E00170:22:H00WVALXX:1:2116:11170:11347	1009802	1009869	67
E00170:22:H00WVALXX:1:1107:11921:29138	1009784	1009871	87
E00170:22:H00WVALXX:1:1102:18478:21614	1009779	1009874	95
E00170:22:H00WVALXX:1:1216:18173:66971	1009801	1009876	75
E00125:9:H05MEALXX:7:1222:2380:23477	1009836	1009879	43
E00125:9:H05MEALXX:7:1112:8775:37682	1009882	1009883	1
E00170:22:H00WVALXX:1:2117:23594:47352	1009822	1009889	67
E00170:22:H00WVALXX:1:1207:30719:36592	1009834	1009891	57
E00125:9:H05MEALXX:7:1111:23259:40794	1009833	1009893	60
E00170:22:H00WVALXX:1:2116:20193:20893	1009825	1009894	69
E00121:9:H00UWALXX:7:1120:30181:10310	1009832	1009895	63
E00125:9:H05MEALXX:7:1119:13373:39950	1009850	1009897	47
E00125:9:H05MEALXX:7:2223:11079:26589	1009852	1009898	46
E00121:9:H00UWALXX:7:1114:3517:13070	1009816	1009899	83
E00125:9:H05MEALXX:7:1115:15078:36575	1009843	1009901	58
E00170:22:H00WVALXX:1:2115:20823:9396	1009863	1009902	39
E00121:9:H00UWALXX:7:1102:25350:52362	1009862	1009905	43
E00170:22:H00WVALXX:1:1117:24751:8288	1009855	1009906	51
E00121:9:H00UWALXX:7:1124:28780:34887	1009887	1009907	20
E00170:22:H00WVALXX:1:1113:21645:32584	1009888	1009908	20
E00170:22:H00WVALXX:1:2112:14560:48301	1009827	1009909	82
E00121:9:H00UWALXX:7:1124:4217:15619	1009800	1009910	110
E00125:9:H05MEALXX:7:1122:17067:67762	1009880	1009914	34
E00170:22:H00WVALXX:1:2116:6511:21385	1009890	1009916	26
E00121:9:H00UWALXX:7:1104:27735:28435	1009805	1009917	112
E00121:9:H00UWALXX:7:1103:3598:7901	1009864	1009918	54
E00170:22:H00WVALXX:1:2115:26395:53997	1009866	1009920	54
E00170:22:H00WVALXX:1:1217:21574:6372	1009840	1009921	81
E00170:22:H00WVALXX:1:2118:9252:22827	1009848	1009923	75
E00170:22:H00WVALXX:1:2215:15971:4895	1009856	1009925	69
E00125:9:H05MEALXX:7:1109:29501:39757	1009884	1009926	42
E00125:9:H05MEALXX:7:2110:19117:6231	1009842	1009927	85
E00170:22:H00WVALXX:1:2208:27461:3383	1009831	1009928	97
E00170:22:H00WVALXX:1:2109:4562:10134	1009872	1009929	57
E00121:9:H00UWALXX:7:2101:22081:59816	1009877	1009932	55
E00125:9:H05MEALXX:7:2119:20325:65248	1009865	1009933	68
E00170:22:H00WVALXX:1:1211:10409:36997	1009881	1009935	54
E00170:22:H00WVALXX:1:2112:21472:53382	1009845	1009938	93
E00121:9:H00UWALXX:7:1114:22132:19891	1009868	1009939	71
E00125:9:H05MEALXX:7:1122:28405:47387	1009870	1009940	70
E00125:9:H05MEALXX:7:2209:20681:20295	1009839	1009944	105
E00170:22:H00WVALXX:1:2123:22142:25429	1009857	1009948	91
E00170:22:H00WVALXX:1:2105:29643:66198	1009837	1009951	114
E00170:22:H00WVALXX:1:2224:27745:58656	1009853	1009953	100
E00125:9:H05MEALXX:7:1112:16590:68132	1009903	1009955	52
E00125:9:H05MEALXX:7:2122:9982:53839	1009830	1009956	126
E00170:22:H00WVALXX:1:1104:19422:25886	1009892	1009960	68
E00170:22:H00WVALXX:1:1118:15433:18239	1009873	1009962	89
E00170:22:H00WVALXX:1:2205:3811:18116	1009896	1009965	69
E00170:22:H00WVALXX:1:1206:17250:8481	1009849	1009969	120
E00125:9:H05MEALXX:7:2110:4369:52766	1009924	1009980	56
E00170:22:H00WVALXX:1:2211:24548:72597	1009885	1009981	96
E00170:22:H00WVALXX:1:2222:4593:61240	1009875	1009985	110
E00170:22:H00WVALXX:1:1116:9160:3928	1009930	1009987	57
E00170:22:H00WVALXX:1:2122:13941:20225	1009931	1009988	57
E00170:22:H00WVALXX:1:2216:30110:66057	1009878	1009989	111
E00170:22:H00WVALXX:1:2123:22010:21122	1009922	1009990	68
E00125:9:H05MEALXX:7:1218:19797:14652	1009947	1009991	44
E00170:22:H00WVALXX:1:1109:9840:37735	1009886	1009992	106
E00125:9:H05MEALXX:7:1123:23380:59992	1009961	1009993	32
E00170:22:H00WVALXX:1:2106:23401:43431	1009946	1009996	50
E00170:22:H00WVALXX:1:1219:11261:32531	1009949	1009997	48
E00170:22:H00WVALXX:1:1105:11312:50586	1009904	1009999	95
E00170:22:H00WVALXX:1:2124:30526:72931	1009858	1010002	144
E00125:9:H05MEALXX:7:2102:12286:69503	1009950	1010003	53
E00121:9:H00UWALXX:7:1105:8815:3119	1009967	1010004	37
E00170:22:H00WVALXX:1:2115:11840:32057	1009963	1010005	42
E00125:9:H05MEALXX:7:2123:17808:25165	1009900	1010007	107
E00125:9:H05MEALXX:7:1219:11353:71859	1009943	1010008	65
E00170:22:H00WVALXX:1:1218:31531:14019	1009954	1010009	55
E00170:22:H00WVALXX:1:1218:18590:61258	1009934	1010011	77
E00170:22:H00WVALXX:1:2204:15605:53663	1009915	1010012	97
E00170:22:H00WVALXX:1:2207:15940:66760	1010014	1010015	1
E00170:22:H00WVALXX:1:1104:19351:66760	1009986	1010017	31
E00125:9:H05MEALXX:7:1103:12845:26062	1009970	1010018	48
E00170:22:H00WVALXX:1:2113:23350:16621	1009971	1010019	48
E00121:9:H00UWALXX:7:1117:30069:14230	1009974	1010022	48
E00170:22:H00WVALXX:1:1224:8429:13738	1009952	1010023	71
E00170:22:H00WVALXX:1:2121:24182:67991	1009979	1010024	45
E00170:22:H00WVALXX:1:2216:13931:57829	1009958	1010025	67
E00121:9:H00UWALXX:7:1113:22873:4262	1009942	1010026	84
E00170:22:H00WVALXX:1:2119:25481:28470	1009937	1010027	90
E00170:22:H00WVALXX:1:1106:7496:46473	1009968	1010028	60
E00121:9:H00UWALXX:7:1120:8013:67868	1009912	1010033	121
E00170:22:H00WVALXX:1:2120:8582:68360	1009982	1010034	52
E00121:9:H00UWALXX:7:1116:8105:58040	1009959	1010035	76
E00170:22:H00WVALXX:1:1119:30282:44486	1009941	1010036	95
E00125:9:H05MEALXX:7:1105:13464:47492	1009976	1010038	62
E00121:9:H00UWALXX:7:1103:23259:70681	1009936	1010043	107
E00121:9:H00UWALXX:7:1115:13555:57355	1009984	1010046	62
E00121:9:H00UWALXX:7:1107:32475:31617	1009911	1010048	137
E00121:9:H00UWALXX:7:1113:25299:40987	1009995	1010049	54
E00170:22:H00WVALXX:1:2118:20843:52538	1009913	1010050	137
E00121:9:H00UWALXX:7:1112:20965:57706	1009977	1010053	76
E00170:22:H00WVALXX:1:2105:30628:21245	1009964	1010055	91
E00170:22:H00WVALXX:1:2103:11068:20770	1009998	1010057	59
E00170:22:H00WVALXX:1:1222:20904:50323	1010001	1010059	58
E00170:22:H00WVALXX:1:1204:16123:54067	1009994	1010062	68
E00170:22:H00WVALXX:1:2220:7770:18010	1009919	1010063	144
E00125:9:H05MEALXX:7:2101:32444:73054	1009972	1010066	94
E00170:22:H00WVALXX:1:1112:29968:63314	1009966	1010067	101
E00121:9:H00UWALXX:7:1113:25065:46771	1009978	1010072	94
E00170:22:H00WVALXX:1:2120:2441:8358	1010041	1010076	35
E00170:22:H00WVALXX:1:2108:5364:31424	1009945	1010080	135
E00170:22:H00WVALXX:1:2110:15179:48600	1009973	1010084	111
E00170:22:H00WVALXX:1:2119:18722:66479	1010000	1010085	85
E00125:9:H05MEALXX:7:2213:30018:49619	1009975	1010090	115
E00125:9:H05MEALXX:7:1101:5628:20559	1010045	1010091	46
E00121:9:H00UWALXX:7:1123:15047:41515	1010042	1010094	52
E00121:9:H00UWALXX:7:1117:19909:69661	1009983	1010096	113
E00170:22:H00WVALXX:1:1114:15331:53364	1010029	1010098	69
E00170:22:H00WVALXX:1:1224:21797:21104	1010040	1010099	59
E00170:22:H00WVALXX:1:1204:25238:59587	1010054	1010102	48
E00170:22:H00WVALXX:1:2103:19655:72843	1009957	1010104	147
E00125:9:H05MEALXX:7:2104:31835:56880	1010020	1010105	85
E00170:22:H00WVALXX:1:2205:7841:13316	1010016	1010106	90
E00170:22:H00WVALXX:1:1202:22051:32197	1010006	1010107	101
E00121:9:H00UWALXX:7:1122:11617:23759	1010061	1010108	47
E00170:22:H00WVALXX:1:1106:14337:26501	1010056	1010109	53
E00170:22:H00WVALXX:1:2117:4857:53997	1010021	1010116	95
E00121:9:H00UWALXX:7:1201:21137:18028	1010087	1010119	32
E00125:9:H05MEALXX:7:1217:9130:18326	1010052	1010120	68
E00170:22:H00WVALXX:1:2116:6724:64791	1010064	1010123	59
E00125:9:H05MEALXX:7:2210:29673:12912	1010013	1010124	111
E00170:22:H00WVALXX:1:1122:11414:14687	1010032	1010126	94
E00170:22:H00WVALXX:1:2210:10825:37120	1010069	1010128	59
E00125:9:H05MEALXX:7:2108:11789:2645	1010031	1010129	98
E00121:9:H00UWALXX:7:1124:11637:19540	1010078	1010135	57
E00125:9:H05MEALXX:7:2110:9485:13879	1010037	1010136	99
E00125:9:H05MEALXX:7:2117:21898:64738	1010010	1010137	127
E00121:9:H00UWALXX:7:1124:11617:19821	1010077	1010148	71
E00121:9:H00UWALXX:7:1124:9587:68659	1010051	1010150	99
E00170:22:H00WVALXX:1:2102:18305:33199	1010071	1010152	81
E00125:9:H05MEALXX:7:2218:31105:42288	1010060	1010155	95
E00121:9:H00UWALXX:7:1115:3507:51202	1010081	1010156	75
E00170:22:H00WVALXX:1:1117:32038:65565	1010070	1010157	87
E00121:9:H00UWALXX:7:1102:23523:21104	1010039	1010161	122
E00170:22:H00WVALXX:1:1205:21117:17922	1010068	1010163	95
E00170:22:H00WVALXX:1:1201:15971:65582	1010092	1010165	73
E00170:22:H00WVALXX:1:2111:15961:22880	1010075	1010168	93
E00125:9:H05MEALXX:7:2215:3415:70065	1010095	1010170	75
E00170:22:H00WVALXX:1:1202:26101:25886	1010079	1010171	92
E00170:22:H00WVALXX:1:1215:23188:1713	1010058	1010174	116
E00125:9:H05MEALXX:7:2204:28831:55649	1010073	1010175	102
E00125:9:H05MEALXX:7:2222:16255:44556	1010074	1010176	102
E00125:9:H05MEALXX:7:2201:30617:57829	1010103	1010177	74
E00170:22:H00WVALXX:1:2105:7374:60713	1010133	1010178	45
E00170:22:H00WVALXX:1:1208:32404:52450	1010145	1010180	35
E00170:22:H00WVALXX:1:1112:8927:60871	1010130	1010181	51
E00170:22:H00WVALXX:1:1112:8947:60871	1010131	1010182	51
E00170:22:H00WVALXX:1:1108:18661:69960	1010088	1010185	97
E00170:22:H00WVALXX:1:1110:32698:46701	1010089	1010186	97
E00170:22:H00WVALXX:1:1215:14032:36417	1010100	1010187	87
E00170:22:H00WVALXX:1:1113:2410:40337	1010111	1010188	77
E00170:22:H00WVALXX:1:2122:6552:21561	1010082	1010191	109
E00170:22:H00WVALXX:1:2122:6582:21544	1010083	1010192	109
E00170:22:H00WVALXX:1:2109:9028:49936	1010093	1010193	100
E00170:22:H00WVALXX:1:1108:18620:7866	1010115	1010195	80
E00125:9:H05MEALXX:7:1222:28364:30545	1010142	1010196	54
E00170:22:H00WVALXX:1:2102:25502:41656	1010143	1010197	54
E00125:9:H05MEALXX:7:1209:3202:64352	1010047	1010198	151
E00121:9:H00UWALXX:7:1116:21036:12402	1010166	1010201	35
E00125:9:H05MEALXX:7:2204:22660:66338	1010167	1010202	35
E00170:22:H00WVALXX:1:1221:20944:61820	1010122	1010203	81
E00125:9:H05MEALXX:7:2203:26507:29261	1010101	1010205	104
E00121:9:H00UWALXX:7:1110:14144:58550	1010127	1010207	80
E00125:9:H05MEALXX:7:2217:26963:47387	1010065	1010209	144
E00121:9:H00UWALXX:7:1123:27846:66954	1010158	1010211	53
E00170:22:H00WVALXX:1:1105:31470:29349	1010030	1010214	184
E00170:22:H00WVALXX:1:1103:30861:30404	1010146	1010223	77
E00170:22:H00WVALXX:1:1122:22426:53135	1010147	1010224	77
E00170:22:H00WVALXX:1:2119:24913:25200	1010132	1010226	94
E00170:22:H00WVALXX:1:1204:13545:59869	1010149	1010228	79
E00125:9:H05MEALXX:7:1209:29460:20278	1010138	1010229	91
E00170:22:H00WVALXX:1:1110:23553:38632	1010139	1010230	91
E00125:9:H05MEALXX:7:1118:28892:59587	1010117	1010231	114
E00170:22:H00WVALXX:1:2112:21218:48090	1010144	1010234	90
E00170:22:H00WVALXX:1:1107:20153:53452	1010184	1010235	51
E00170:22:H00WVALXX:1:1115:26730:48318	1010044	1010236	192
E00170:22:H00WVALXX:1:1224:31470:27134	1010118	1010238	120
E00170:22:H00WVALXX:1:2118:18001:60449	1010172	1010241	69
E00170:22:H00WVALXX:1:2118:18072:60502	1010173	1010242	69
E00170:22:H00WVALXX:1:1119:28780:25570	1010160	1010243	83
E00170:22:H00WVALXX:1:1220:9627:11488	1010110	1010244	134
E00121:9:H00UWALXX:7:1111:6887:17500	1010086	1010245	159
E00170:22:H00WVALXX:1:2106:9333:65231	1010140	1010250	110
E00170:22:H00WVALXX:1:2215:21026:35661	1010141	1010251	110
E00170:22:H00WVALXX:1:1102:4532:61099	1010112	1010253	141
E00170:22:H00WVALXX:1:1211:30130:49637	1010113	1010254	141
E00170:22:H00WVALXX:1:2106:5019:12437	1010114	1010255	141
E00170:22:H00WVALXX:1:1104:19696:45594	1010151	1010256	105
E00121:9:H00UWALXX:7:1116:8612:4245	1010220	1010257	37
E00170:22:H00WVALXX:1:2207:4207:39440	1010189	1010259	70
E00170:22:H00WVALXX:1:2113:18204:25499	1010134	1010260	126
E00170:22:H00WVALXX:1:1108:32109:53206	1010216	1010261	45
E00170:22:H00WVALXX:1:1115:21026:66954	1010217	1010262	45
E00170:22:H00WVALXX:1:1115:21036:66936	1010218	1010263	45
E00125:9:H05MEALXX:7:1211:11089:49004	1010162	1010264	102
E00121:9:H00UWALXX:7:1116:21147:63719	1010125	1010266	141
E00125:9:H05MEALXX:7:2222:17280:12718	1010121	1010267	146
E00121:9:H00UWALXX:7:2101:19087:40741	1010097	1010270	173
E00170:22:H00WVALXX:1:2223:15382:67376	1010154	1010271	117
E00170:22:H00WVALXX:1:1104:25563:36663	1010239	1010274	35
E00170:22:H00WVALXX:1:2203:4826:55878	1010240	1010275	35
E00121:9:H00UWALXX:7:1122:11241:60730	1010194	1010279	85
E00170:22:H00WVALXX:1:1124:19270:8816	1010153	1010280	127
E00125:9:H05MEALXX:7:2202:23766:8411	1010169	1010283	114
E00170:22:H00WVALXX:1:2112:6836:57109	1010206	1010287	81
E00125:9:H05MEALXX:7:2223:17828:40355	1010210	1010288	78
E00170:22:H00WVALXX:1:1215:19036:53768	1010159	1010289	130
E00170:22:H00WVALXX:1:1211:14875:7005	1010164	1010292	128
E00170:22:H00WVALXX:1:1209:5527:72527	1010190	1010295	105
E00170:22:H00WVALXX:1:1121:5273:24761	1010227	1010298	71
E00121:9:H00UWALXX:7:1120:22193:63947	1010199	1010304	105
E00121:9:H00UWALXX:7:1120:22223:63965	1010200	1010305	105
E00121:9:H00UWALXX:7:1103:3760:10890	1010212	1010306	94
E00121:9:H00UWALXX:7:1115:4136:17694	1010221	1010307	86
E00170:22:H00WVALXX:1:1208:23045:7936	1010222	1010308	86
E00170:22:H00WVALXX:1:1220:7313:60607	1010213	1010309	96
E00170:22:H00WVALXX:1:2108:17463:41480	1010219	1010310	91
E00125:9:H05MEALXX:7:1122:3943:39124	1010232	1010311	79
E00125:9:H05MEALXX:7:2112:19239:37524	1010313	1010314	1
E00170:22:H00WVALXX:1:2106:20376:63613	1010204	1010316	112
E00170:22:H00WVALXX:1:2212:27481:36469	1010183	1010317	134
E00125:9:H05MEALXX:7:2112:15717:62225	1010237	1010323	86
E00170:22:H00WVALXX:1:2224:18600:31670	1010179	1010324	145
E00121:9:H00UWALXX:7:1116:31683:31301	1010225	1010327	102
E00125:9:H05MEALXX:7:1101:31947:7392	1010208	1010328	120
E00170:22:H00WVALXX:1:2207:10916:59500	1010233	1010329	96
E00121:9:H00UWALXX:7:1110:18742:45136	1010281	1010330	49
E00121:9:H00UWALXX:7:1106:13109:21526	1010252	1010331	79
E00170:22:H00WVALXX:1:1114:6582:16832	1010249	1010332	83
E00125:9:H05MEALXX:7:2108:20589:30088	1010269	1010335	66
E00121:9:H00UWALXX:7:1108:4491:10925	1010246	1010336	90
E00121:9:H00UWALXX:7:1119:17707:51043	1010276	1010339	63
E00125:9:H05MEALXX:7:1216:12632:16621	1010215	1010340	125
E00170:22:H00WVALXX:1:1119:7029:72913	1010294	1010342	48
E00125:9:H05MEALXX:7:1217:32871:17184	1010293	1010343	50
E00170:22:H00WVALXX:1:1115:18153:11382	1010272	1010346	74
E00125:9:H05MEALXX:7:1215:9181:47809	1010277	1010349	72
E00125:9:H05MEALXX:7:1210:16184:36381	1010300	1010351	51
E00121:9:H00UWALXX:7:1113:5486:50727	1010247	1010354	107
E00170:22:H00WVALXX:1:1224:9566:53399	1010273	1010359	86
E00170:22:H00WVALXX:1:2117:22619:65635	1010282	1010360	78
E00121:9:H00UWALXX:7:1111:6024:47123	1010301	1010362	61
E00170:22:H00WVALXX:1:1107:20021:64299	1010248	1010363	115
E00170:22:H00WVALXX:1:1117:21787:15637	1010258	1010364	106
E00121:9:H00UWALXX:7:1113:4664:43783	1010268	1010368	100
E00125:9:H05MEALXX:7:2221:18600:16481	1010291	1010370	79
E00170:22:H00WVALXX:1:2206:18316:39300	1010299	1010372	73
E00170:22:H00WVALXX:1:2115:26111:5897	1010303	1010373	70
E00121:9:H00UWALXX:7:1105:20995:29666	1010318	1010374	56
E00170:22:H00WVALXX:1:2222:14185:4895	1010297	1010376	79
E00125:9:H05MEALXX:7:1211:16803:33410	1010312	1010378	66
E00121:9:H00UWALXX:7:1107:20823:31793	1010265	1010379	114
E00121:9:H00UWALXX:7:1115:2898:39247	1010320	1010382	62
E00121:9:H00UWALXX:7:1101:14651:18713	1010319	1010391	72
E00125:9:H05MEALXX:7:2214:26933:22053	1010322	1010392	70
E00170:22:H00WVALXX:1:1104:12023:6389	1010278	1010393	115
E00170:22:H00WVALXX:1:1210:9587:25376	1010369	1010394	25
E00170:22:H00WVALXX:1:1214:18651:58656	1010315	1010395	80
E00121:9:H00UWALXX:7:1120:14854:29121	1010321	1010398	77
E00170:22:H00WVALXX:1:1210:21838:11716	1010326	1010402	76
E00170:22:H00WVALXX:1:2118:25613:57812	1010296	1010403	107
E00170:22:H00WVALXX:1:1106:7993:32039	1010285	1010404	119
E00170:22:H00WVALXX:1:1121:13697:10908	1010286	1010405	119
E00121:9:H00UWALXX:7:1108:10947:70944	1010284	1010407	123
E00125:9:H05MEALXX:7:1119:28547:56036	1010333	1010408	75
E00170:22:H00WVALXX:1:2223:12926:57038	1010365	1010409	44
E00170:22:H00WVALXX:1:1117:16387:18555	1010334	1010410	76
E00125:9:H05MEALXX:7:1109:8105:22247	1010302	1010413	111
E00170:22:H00WVALXX:1:1208:17524:68764	1010357	1010415	58
E00170:22:H00WVALXX:1:1213:22406:2856	1010345	1010416	71
E00170:22:H00WVALXX:1:2120:19229:14441	1010290	1010418	128
E00170:22:H00WVALXX:1:1114:23989:54788	1010347	1010419	72
E00170:22:H00WVALXX:1:2209:18630:64914	1010337	1010420	83
E00170:22:H00WVALXX:1:2209:18711:64985	1010338	1010421	83
E00121:9:H00UWALXX:7:1108:25238:25517	1010396	1010422	26
E00170:22:H00WVALXX:1:1205:19046:3119	1010366	1010426	60
E00170:22:H00WVALXX:1:1102:5567:16199	1010401	1010427	26
E00170:22:H00WVALXX:1:1221:22619:8394	1010355	1010428	73
E00125:9:H05MEALXX:7:1213:9221:3647	1010367	1010429	62
E00125:9:H05MEALXX:7:1107:25583:39687	1010356	1010434	78
E00170:22:H00WVALXX:1:1205:10104:54261	1010381	1010435	54
E00121:9:H00UWALXX:7:1104:25634:66391	1010348	1010437	89
E00121:9:H00UWALXX:7:1117:2004:43607	1010341	1010438	97
E00170:22:H00WVALXX:1:1213:22030:40777	1010406	1010439	33
E00121:9:H00UWALXX:7:2101:12530:13668	1010344	1010440	96
E00170:22:H00WVALXX:1:2222:20853:3049	1010350	1010448	98
E00125:9:H05MEALXX:7:1109:22112:8358	1010387	1010450	63
E00125:9:H05MEALXX:7:1113:10348:43783	1010352	1010451	99
E00170:22:H00WVALXX:1:2210:9759:33832	1010414	1010452	38
E00170:22:H00WVALXX:1:2104:8298:41532	1010358	1010453	95
E00170:22:H00WVALXX:1:2213:23746:7919	1010383	1010454	71
E00170:22:H00WVALXX:1:1209:9536:44451	1010390	1010456	66
E00170:22:H00WVALXX:1:1115:14936:61539	1010380	1010457	77
E00125:9:H05MEALXX:7:2205:11150:10538	1010433	1010458	25
E00121:9:H00UWALXX:7:1123:13139:42816	1010375	1010459	84
E00125:9:H05MEALXX:7:1212:28090:44345	1010353	1010460	107
E00170:22:H00WVALXX:1:1210:28973:44152	1010399	1010463	64
E00170:22:H00WVALXX:1:1210:29125:44170	1010400	1010464	64
E00170:22:H00WVALXX:1:2112:7079:43783	1010411	1010465	54
E00170:22:H00WVALXX:1:1220:19919:65248	1010424	1010467	43
E00121:9:H00UWALXX:7:1117:32333:2188	1010377	1010468	91
E00170:22:H00WVALXX:1:1209:12774:41691	1010361	1010469	108
E00121:9:H00UWALXX:7:1122:27207:15988	1010388	1010470	82
E00125:9:H05MEALXX:7:2116:2532:18643	1010389	1010471	82
E00121:9:H00UWALXX:7:1124:20660:28242	1010384	1010472	88
E00170:22:H00WVALXX:1:2206:14672:17975	1010386	1010473	87
E00170:22:H00WVALXX:1:2213:4796:10785	1010397	1010474	77
E00170:22:H00WVALXX:1:2211:23695:37050	1010412	1010475	63
E00125:9:H05MEALXX:7:2118:11251:4631	1010325	1010483	158
E00170:22:H00WVALXX:1:2218:14438:70136	1010466	1010484	18
E00170:22:H00WVALXX:1:1212:28131:52995	1010449	1010489	40
E00170:22:H00WVALXX:1:2208:16631:32619	1010371	1010490	119
E00170:22:H00WVALXX:1:2114:29176:48442	1010430	1010493	63
E00170:22:H00WVALXX:1:1114:19879:50235	1010447	1010495	48
E00170:22:H00WVALXX:1:2122:21188:49338	1010425	1010497	72
E00125:9:H05MEALXX:7:1208:23624:1731	1010488	1010498	10
E00170:22:H00WVALXX:1:2214:4136:55667	1010443	1010503	60
E00170:22:H00WVALXX:1:2214:4156:55667	1010444	1010504	60
E00170:22:H00WVALXX:1:2214:4298:55597	1010445	1010505	60
E00170:22:H00WVALXX:1:2109:22091:9589	1010442	1010510	68
E00121:9:H00UWALXX:7:2101:21756:63965	1010431	1010513	82
E00125:9:H05MEALXX:7:1119:22913:62242	1010432	1010514	82
E00170:22:H00WVALXX:1:1107:3750:7251	1010441	1010519	78
E00170:22:H00WVALXX:1:1121:23309:14336	1010385	1010521	136
E00125:9:H05MEALXX:7:2117:2979:33762	1010524	1010525	1
E00170:22:H00WVALXX:1:1124:29491:57073	1010436	1010527	91
E00170:22:H00WVALXX:1:2205:30303:68255	1010417	1010528	111
E00170:22:H00WVALXX:1:2211:3963:38702	1010461	1010531	70
E00170:22:H00WVALXX:1:2211:4034:38614	1010462	1010532	70
E00170:22:H00WVALXX:1:1123:27329:2240	1010492	1010536	44
E00125:9:H05MEALXX:7:2118:28537:66918	1010478	1010545	67
E00121:9:H00UWALXX:7:1103:18448:61433	1010455	1010549	94
E00125:9:H05MEALXX:7:1206:27562:29121	1010507	1010554	47
E00170:22:H00WVALXX:1:1208:29176:60080	1010476	1010558	82
E00170:22:H00WVALXX:1:2120:14327:28734	1010481	1010560	79
E00170:22:H00WVALXX:1:2116:27390:23899	1010516	1010562	46
E00170:22:H00WVALXX:1:2116:27806:23882	1010517	1010563	46
E00170:22:H00WVALXX:1:1122:31764:68606	1010487	1010565	78
E00170:22:H00WVALXX:1:2217:4166:31986	1010446	1010566	120
E00170:22:H00WVALXX:1:1218:20823:50745	1010480	1010567	87
E00170:22:H00WVALXX:1:1208:20224:53962	1010534	1010569	35
E00170:22:H00WVALXX:1:1124:11637:38034	1010423	1010571	148
E00170:22:H00WVALXX:1:1113:24720:9220	1010479	1010572	93
E00121:9:H00UWALXX:7:1109:10825:30685	1010491	1010573	82
E00170:22:H00WVALXX:1:1103:19422:43185	1010511	1010574	63
E00121:9:H00UWALXX:7:1116:12824:9993	1010496	1010575	79
E00170:22:H00WVALXX:1:1216:19838:41269	1010520	1010576	56
E00170:22:H00WVALXX:1:1215:21218:11488	1010506	1010577	71
E00121:9:H00UWALXX:7:1106:30465:32250	1010512	1010578	66
E00170:22:H00WVALXX:1:1211:15159:58761	1010485	1010579	94
E00170:22:H00WVALXX:1:1117:14875:3418	1010502	1010580	78
E00170:22:H00WVALXX:1:2105:31764:30316	1010522	1010581	59
E00170:22:H00WVALXX:1:2124:25248:21737	1010494	1010583	89
E00170:22:H00WVALXX:1:2218:18559:71261	1010477	1010584	107
E00170:22:H00WVALXX:1:2213:22436:65952	1010486	1010585	99
E00121:9:H00UWALXX:7:1116:10825:53434	1010543	1010588	45
E00170:22:H00WVALXX:1:1105:11211:41902	1010499	1010589	90
E00170:22:H00WVALXX:1:1107:22853:22159	1010500	1010590	90
E00125:9:H05MEALXX:7:2209:25471:18362	1010540	1010591	51
E00170:22:H00WVALXX:1:1109:11444:14951	1010541	1010592	51
E00170:22:H00WVALXX:1:2211:24263:43484	1010542	1010593	51
E00121:9:H00UWALXX:7:1109:29410:7708	1010529	1010602	73
E00125:9:H05MEALXX:7:2109:28547:35854	1010561	1010604	43
E00170:22:H00WVALXX:1:1217:15961:48899	1010526	1010605	79
E00170:22:H00WVALXX:1:2209:10449:24128	1010539	1010606	67
E00170:22:H00WVALXX:1:2112:32343:36979	1010533	1010607	74
E00170:22:H00WVALXX:1:1101:12906:64176	1010508	1010610	102
E00170:22:H00WVALXX:1:1101:12916:64194	1010509	1010611	102
E00170:22:H00WVALXX:1:1121:29785:40917	1010537	1010612	75
E00121:9:H00UWALXX:7:1119:18488:34465	1010547	1010614	67
E00121:9:H00UWALXX:7:1107:4024:52380	1010482	1010616	134
E00121:9:H00UWALXX:7:1112:29024:40443	1010518	1010617	99
E00170:22:H00WVALXX:1:1115:8135:25394	1010501	1010618	117
E00170:22:H00WVALXX:1:1207:6186:21385	1010535	1010620	85
E00125:9:H05MEALXX:7:2209:10297:9905	1010550	1010621	71
E00170:22:H00WVALXX:1:1206:30831:72825	1010546	1010623	77
E00121:9:H00UWALXX:7:1109:18448:72931	1010530	1010624	94
E00170:22:H00WVALXX:1:1211:32769:69468	1010551	1010627	76
E00121:9:H00UWALXX:7:1112:29572:4895	1010523	1010629	106
E00170:22:H00WVALXX:1:2103:31348:16375	1010555	1010630	75
E00121:9:H00UWALXX:7:1119:11312:60291	1010603	1010632	29
E00170:22:H00WVALXX:1:1114:17707:15144	1010548	1010633	85
E00170:22:H00WVALXX:1:1205:8023:46402	1010515	1010634	119
E00121:9:H00UWALXX:7:1106:1994:65776	1010564	1010635	71
E00170:22:H00WVALXX:1:2215:14266:54718	1010568	1010639	71
E00170:22:H00WVALXX:1:1213:28841:19487	1010544	1010643	99
E00170:22:H00WVALXX:1:1107:26831:9009	1010538	1010645	107
E00170:22:H00WVALXX:1:2124:26699:20665	1010582	1010649	67
E00125:9:H05MEALXX:7:1219:12236:8481	1010556	1010652	96
E00170:22:H00WVALXX:1:1201:26486:22757	1010557	1010653	96
E00125:9:H05MEALXX:7:1212:12063:44046	1010553	1010654	101
E00170:22:H00WVALXX:1:2208:31703:49268	1010559	1010657	98
E00170:22:H00WVALXX:1:1202:24588:35467	1010570	1010660	90
E00170:22:H00WVALXX:1:2116:9962:55069	1010598	1010661	63
E00121:9:H00UWALXX:7:1105:28922:65301	1010638	1010662	24
E00170:22:H00WVALXX:1:2111:16986:28945	1010619	1010663	44
E00170:22:H00WVALXX:1:1119:13119:21649	1010608	1010668	60
E00170:22:H00WVALXX:1:2103:23695:43097	1010552	1010676	124
E00170:22:H00WVALXX:1:1120:14834:67762	1010601	1010677	76
E00125:9:H05MEALXX:7:1220:9414:6337	1010594	1010678	84
E00121:9:H00UWALXX:7:1123:25695:37102	1010599	1010680	81
E00125:9:H05MEALXX:7:1212:8978:13035	1010625	1010684	59
E00170:22:H00WVALXX:1:2224:27593:1397	1010626	1010686	60
E00170:22:H00WVALXX:1:1103:29115:39018	1010587	1010687	100
E00125:9:H05MEALXX:7:1103:5141:50411	1010640	1010688	48
E00170:22:H00WVALXX:1:2113:21767:62576	1010673	1010689	16
E00170:22:H00WVALXX:1:2121:26486:1836	1010674	1010690	16
E00170:22:H00WVALXX:1:2220:3760:65494	1010586	1010693	107
E00121:9:H00UWALXX:7:1113:19686:8552	1010631	1010694	63
E00170:22:H00WVALXX:1:2123:23726:66848	1010628	1010696	68
E00125:9:H05MEALXX:7:1212:23147:15215	1010595	1010697	102
E00170:22:H00WVALXX:1:1218:19432:26501	1010600	1010698	98
E00121:9:H00UWALXX:7:1122:10632:38825	1010636	1010699	63
E00170:22:H00WVALXX:1:2212:6065:23776	1010671	1010700	29
E00125:9:H05MEALXX:7:1116:21959:67305	1010655	1010701	46
E00170:22:H00WVALXX:1:2107:17016:42781	1010609	1010704	95
E00170:22:H00WVALXX:1:1123:26040:36505	1010597	1010707	110
E00125:9:H05MEALXX:7:2124:27552:29947	1010659	1010709	50
E00170:22:H00WVALXX:1:2210:4288:29209	1010615	1010711	96
E00170:22:H00WVALXX:1:2104:7607:71349	1010648	1010712	64
E00125:9:H05MEALXX:7:2102:30729:36575	1010647	1010713	66
E00125:9:H05MEALXX:7:2120:3212:59658	1010641	1010715	74
E00170:22:H00WVALXX:1:1101:15677:32865	1010637	1010716	79
E00170:22:H00WVALXX:1:2209:9323:71929	1010656	1010719	63
E00170:22:H00WVALXX:1:2212:17514:34219	1010596	1010720	124
E00170:22:H00WVALXX:1:1212:25756:53100	1010691	1010722	31
E00170:22:H00WVALXX:1:1103:10713:45857	1010650	1010723	73
E00170:22:H00WVALXX:1:1217:12713:43941	1010622	1010724	102
E00121:9:H00UWALXX:7:1118:3760:17324	1010642	1010725	83
E00170:22:H00WVALXX:1:2107:7140:4016	1010646	1010727	81
E00125:9:H05MEALXX:7:1204:7110:31740	1010666	1010730	64
E00125:9:H05MEALXX:7:2211:21310:29437	1010667	1010731	64
E00125:9:H05MEALXX:7:1115:18366:73212	1010683	1010735	52
E00125:9:H05MEALXX:7:2218:13383:39546	1010613	1010736	123
E00170:22:H00WVALXX:1:2111:27917:32268	1010664	1010739	75
E00121:9:H00UWALXX:7:1113:12967:24761	1010658	1010741	83
E00170:22:H00WVALXX:1:1107:20254:73318	1010744	1010745	1
E00125:9:H05MEALXX:7:2104:18985:4245	1010670	1010748	78
E00170:22:H00WVALXX:1:2124:20528:30193	1010665	1010750	85
E00170:22:H00WVALXX:1:1119:22954:14388	1010672	1010751	79
E00121:9:H00UWALXX:7:1117:5141:59095	1010682	1010752	70
E00125:9:H05MEALXX:7:1110:9333:38790	1010644	1010754	110
E00170:22:H00WVALXX:1:1108:19280:53030	1010702	1010758	56
E00170:22:H00WVALXX:1:2101:18336:25200	1010695	1010760	65
E00170:22:H00WVALXX:1:2218:8846:51342	1010692	1010762	70
E00125:9:H05MEALXX:7:2117:19026:47422	1010679	1010764	85
E00121:9:H00UWALXX:7:1115:12824:41568	1010705	1010765	60
E00125:9:H05MEALXX:7:1212:26608:39669	1010706	1010766	60
E00170:22:H00WVALXX:1:2121:26314:38632	1010726	1010767	41
E00170:22:H00WVALXX:1:1213:12205:30861	1010669	1010773	104
E00170:22:H00WVALXX:1:2204:5090:41743	1010703	1010774	71
E00125:9:H05MEALXX:7:1104:27014:44099	1010738	1010775	37
E00125:9:H05MEALXX:7:2203:6542:19153	1010747	1010777	30
E00170:22:H00WVALXX:1:2222:11089:2557	1010721	1010778	57
E00121:9:H00UWALXX:7:1106:13748:49004	1010685	1010786	101
E00170:22:H00WVALXX:1:1211:7912:36645	1010651	1010787	136
E00170:22:H00WVALXX:1:1223:8998:70276	1010675	1010793	118
E00170:22:H00WVALXX:1:2109:18661:55685	1010681	1010795	114
E00125:9:H05MEALXX:7:2224:8998:33744	1010708	1010798	90
E00121:9:H00UWALXX:7:1124:8775:4772	1010732	1010802	70
E00121:9:H00UWALXX:7:1124:8825:4754	1010733	1010803	70
E00125:9:H05MEALXX:7:2108:17077:32443	1010729	1010804	75
E00121:9:H00UWALXX:7:1104:32221:61803	1010728	1010805	77
E00125:9:H05MEALXX:7:1104:13038:9695	1010710	1010806	96
E00170:22:H00WVALXX:1:2220:6014:7972	1010746	1010807	61
E00125:9:H05MEALXX:7:1107:15809:34993	1010772	1010808	36
E00125:9:H05MEALXX:7:1104:31703:70997	1010742	1010809	67
E00125:9:H05MEALXX:7:2122:7983:8640	1010717	1010812	95
E00125:9:H05MEALXX:7:2122:8013:8622	1010718	1010813	95
E00125:9:H05MEALXX:7:2205:20843:70329	1010769	1010816	47
E00170:22:H00WVALXX:1:1123:21949:28048	1010743	1010821	78
E00121:9:H00UWALXX:7:1112:32505:26958	1010737	1010822	85
E00170:22:H00WVALXX:1:1111:20691:34061	1010756	1010829	73
E00121:9:H00UWALXX:7:1122:27867:8024	1010759	1010830	71
E00170:22:H00WVALXX:1:1216:23147:27169	1010740	1010831	91
E00125:9:H05MEALXX:7:2123:15433:19997	1010753	1010834	81
E00170:22:H00WVALXX:1:1117:16509:70558	1010771	1010835	64
E00170:22:H00WVALXX:1:2121:26913:65020	1010714	1010837	123
E00170:22:H00WVALXX:1:1201:19046:57478	1010761	1010838	77
E00121:9:H00UWALXX:7:1106:20640:30351	1010763	1010840	77
E00170:22:H00WVALXX:1:2202:30039:30105	1010770	1010843	73
E00170:22:H00WVALXX:1:1213:26253:39300	1010755	1010844	89
E00170:22:H00WVALXX:1:2215:24852:36628	1010790	1010845	55
E00170:22:H00WVALXX:1:1112:21858:7005	1010734	1010846	112
E00121:9:H00UWALXX:7:2101:20995:63033	1010796	1010848	52
E00125:9:H05MEALXX:7:1214:9221:66795	1010792	1010849	57
E00170:22:H00WVALXX:1:2118:7445:38263	1010749	1010850	101
E00121:9:H00UWALXX:7:1103:28222:15461	1010781	1010852	71
E00170:22:H00WVALXX:1:1204:15372:53118	1010780	1010853	73
E00170:22:H00WVALXX:1:2118:4816:47352	1010757	1010854	97
E00125:9:H05MEALXX:7:1220:31186:10011	1010818	1010855	37
E00170:22:H00WVALXX:1:2210:7151:57337	1010820	1010856	36
E00170:22:H00WVALXX:1:2106:2837:28875	1010797	1010857	60
E00170:22:H00WVALXX:1:2209:17666:23688	1010783	1010858	75
E00121:9:H00UWALXX:7:1108:8115:65618	1010782	1010864	82
E00121:9:H00UWALXX:7:1120:32140:39405	1010851	1010865	14
E00170:22:H00WVALXX:1:2109:23086:22423	1010842	1010866	24
E00170:22:H00WVALXX:1:1210:17981:4297	1010779	1010867	88
E00170:22:H00WVALXX:1:1224:22995:46490	1010801	1010868	67
E00170:22:H00WVALXX:1:1119:21269:20366	1010785	1010869	84
E00170:22:H00WVALXX:1:1212:29947:51993	1010800	1010870	70
E00170:22:H00WVALXX:1:1208:18021:38403	1010768	1010871	103
E00125:9:H05MEALXX:7:2107:20873:27064	1010825	1010875	50
E00170:22:H00WVALXX:1:1209:10693:54788	1010815	1010879	64
E00170:22:H00WVALXX:1:2105:5638:43080	1010789	1010880	91
E00170:22:H00WVALXX:1:2111:23157:10134	1010836	1010881	45
E00170:22:H00WVALXX:1:1109:13525:7374	1010824	1010882	58
E00170:22:H00WVALXX:1:2114:32739:70997	1010794	1010883	89
E00170:22:H00WVALXX:1:1101:23543:46455	1010810	1010887	77
E00170:22:H00WVALXX:1:2117:17930:2979	1010811	1010888	77
E00121:9:H00UWALXX:7:1118:6531:23108	1010823	1010892	69
E00121:9:H00UWALXX:7:1121:22558:42324	1010788	1010893	105
E00170:22:H00WVALXX:1:1212:11048:25411	1010776	1010894	118
E00125:9:H05MEALXX:7:1222:26842:70136	1010833	1010901	68
E00170:22:H00WVALXX:1:1101:13707:47598	1010819	1010910	91
E00170:22:H00WVALXX:1:2102:18833:14775	1010841	1010913	72
E00125:9:H05MEALXX:7:1103:1345:49707	1010861	1010916	55
E00170:22:H00WVALXX:1:1123:7151:61838	1010873	1010918	45
E00170:22:H00WVALXX:1:1123:20630:61240	1010791	1010921	130
E00121:9:H00UWALXX:7:1113:30567:10064	1010826	1010923	97
E00170:22:H00WVALXX:1:1210:6856:28347	1010832	1010925	93
E00170:22:H00WVALXX:1:2118:6125:72017	1010907	1010927	20
E00170:22:H00WVALXX:1:2118:6146:72017	1010908	1010928	20
E00170:22:H00WVALXX:1:2118:6450:72122	1010909	1010929	20
E00125:9:H05MEALXX:7:1118:31379:2223	1010839	1010932	93
E00121:9:H00UWALXX:7:2101:6633:56476	1010784	1010935	151
E00121:9:H00UWALXX:7:1102:15017:58445	1010889	1010937	48
E00125:9:H05MEALXX:7:1110:29826:55122	1010891	1010938	47
E00170:22:H00WVALXX:1:2102:26476:30650	1010799	1010940	141
E00170:22:H00WVALXX:1:2115:5598:48916	1010863	1010942	79
E00170:22:H00WVALXX:1:1215:17899:42798	1010817	1010943	126
E00170:22:H00WVALXX:1:2214:30282:20612	1010828	1010945	117
E00170:22:H00WVALXX:1:2206:30384:6583	1010827	1010948	121
E00170:22:H00WVALXX:1:1219:32424:31811	1010860	1010949	89
E00170:22:H00WVALXX:1:1216:29968:35502	1010898	1010955	57
E00170:22:H00WVALXX:1:2221:23441:59711	1010814	1010957	143
E00170:22:H00WVALXX:1:2107:31186:8464	1010902	1010959	57
E00170:22:H00WVALXX:1:2203:9942:16041	1010878	1010960	82
E00125:9:H05MEALXX:7:2208:2715:33446	1010900	1010961	61
E00121:9:H00UWALXX:7:1114:6044:36680	1010884	1010963	79
E00170:22:H00WVALXX:1:1114:31744:42517	1010862	1010964	102
E00121:9:H00UWALXX:7:1104:26973:55315	1010859	1010967	108
E00121:9:H00UWALXX:7:1120:8155:18643	1010890	1010968	78
E00170:22:H00WVALXX:1:1118:31551:7374	1010895	1010969	74
E00170:22:H00WVALXX:1:1102:6521:72843	1010847	1010970	123
E00121:9:H00UWALXX:7:1106:23726:28488	1010896	1010971	75
E00125:9:H05MEALXX:7:1117:4065:40882	1010905	1010972	67
E00170:22:H00WVALXX:1:1106:17686:3260	1010897	1010973	76
E00125:9:H05MEALXX:7:1118:7019:21983	1010885	1010977	92
E00170:22:H00WVALXX:1:1220:9434:52925	1010930	1010978	48
E00170:22:H00WVALXX:1:2120:21198:6038	1010899	1010979	80
E00170:22:H00WVALXX:1:1123:8947:68395	1010926	1010980	54
E00121:9:H00UWALXX:7:1118:26689:9571	1010903	1010981	78
E00125:9:H05MEALXX:7:2213:22934:8271	1010904	1010982	78
E00170:22:H00WVALXX:1:1113:24680:27996	1010911	1010983	72
E00170:22:H00WVALXX:1:1207:6907:6741	1010917	1010984	67
E00170:22:H00WVALXX:1:2119:27390:53083	1010915	1010985	70
E00170:22:H00WVALXX:1:1201:11708:39423	1010934	1010986	52
E00170:22:H00WVALXX:1:2119:25583:52661	1010874	1010993	119
E00170:22:H00WVALXX:1:1101:16966:42587	1010906	1010994	88
E00170:22:H00WVALXX:1:1212:28719:54296	1010914	1010997	83
E00121:9:H00UWALXX:7:1118:25532:39845	1010877	1011000	123
E00170:22:H00WVALXX:1:2103:5780:50674	1010912	1011001	89
E00121:9:H00UWALXX:7:1112:22792:67481	1010951	1011006	55
E00170:22:H00WVALXX:1:1122:30932:37700	1010919	1011010	91
E00170:22:H00WVALXX:1:2210:18092:63490	1010936	1011011	75
E00170:22:H00WVALXX:1:1122:27988:37805	1010872	1011012	140
E00170:22:H00WVALXX:1:1104:12753:72632	1010920	1011014	94
E00170:22:H00WVALXX:1:1106:31247:24075	1010965	1011017	52
E00170:22:H00WVALXX:1:1113:6247:17518	1010876	1011018	142
E00170:22:H00WVALXX:1:1122:22670:2715	1010950	1011019	69
E00170:22:H00WVALXX:1:1112:18691:56441	1010976	1011023	47
E00125:9:H05MEALXX:7:2114:22173:27415	1010954	1011024	70
E00170:22:H00WVALXX:1:1105:13119:44222	1010931	1011029	98
E00121:9:H00UWALXX:7:1110:1426:10960	1010933	1011032	99
E00121:9:H00UWALXX:7:1124:23421:67446	1010974	1011034	60
E00170:22:H00WVALXX:1:1111:26060:8728	1010956	1011036	80
E00170:22:H00WVALXX:1:1215:22853:58656	1010946	1011039	93
E00170:22:H00WVALXX:1:2209:21797:64211	1010886	1011042	156
E00121:9:H00UWALXX:7:1103:15139:6407	1010941	1011043	102
E00170:22:H00WVALXX:1:2217:30161:36364	1010924	1011045	121
E00170:22:H00WVALXX:1:1121:21046:61047	1010962	1011047	85
E00125:9:H05MEALXX:7:1207:21888:17641	1010966	1011052	86
E00170:22:H00WVALXX:1:1124:13626:15109	1010952	1011053	101
E00170:22:H00WVALXX:1:2115:21178:5264	1010953	1011054	101
E00170:22:H00WVALXX:1:2218:29349:4649	1010999	1011057	58
E00170:22:H00WVALXX:1:2116:29856:50006	1010939	1011060	121
E00125:9:H05MEALXX:7:2108:19432:35397	1010995	1011062	67
E00170:22:H00WVALXX:1:1123:18214:9132	1010990	1011064	74
E00121:9:H00UWALXX:7:1118:25299:59904	1010922	1011065	143
E00121:9:H00UWALXX:7:1105:9911:33287	1011025	1011066	41
E00125:9:H05MEALXX:7:1207:4187:29349	1011026	1011067	41
E00170:22:H00WVALXX:1:1216:5861:5880	1010975	1011068	93
E00170:22:H00WVALXX:1:2103:22508:21174	1010947	1011070	123
E00121:9:H00UWALXX:7:1119:17219:59869	1011020	1011071	51
E00121:9:H00UWALXX:7:1119:17270:59957	1011021	1011072	51
E00170:22:H00WVALXX:1:2117:32241:30369	1011022	1011073	51
E00170:22:H00WVALXX:1:1121:24395:2223	1010987	1011074	87
E00170:22:H00WVALXX:1:2117:16529:33991	1010944	1011075	131
E00121:9:H00UWALXX:7:1110:4948:9079	1011027	1011078	51
E00170:22:H00WVALXX:1:2214:9181:38245	1011028	1011079	51
E00121:9:H00UWALXX:7:1114:12510:41937	1011007	1011081	74
E00125:9:H05MEALXX:7:1122:20995:65846	1011008	1011082	74
E00170:22:H00WVALXX:1:2104:9708:24743	1010958	1011083	125
E00125:9:H05MEALXX:7:2222:2756:7743	1011015	1011085	70
E00125:9:H05MEALXX:7:1117:14296:10327	1010992	1011086	94
E00170:22:H00WVALXX:1:2124:7567:6372	1011030	1011087	57
E00170:22:H00WVALXX:1:2212:13017:2698	1011031	1011088	57
E00170:22:H00WVALXX:1:2210:6663:52063	1011009	1011092	83
E00121:9:H00UWALXX:7:1116:7841:60994	1011002	1011094	92
E00170:22:H00WVALXX:1:1115:22538:23091	1011005	1011095	90
E00125:9:H05MEALXX:7:1223:29673:57566	1011069	1011097	28
E00170:22:H00WVALXX:1:1217:22832:1836	1011033	1011102	69
E00170:22:H00WVALXX:1:2119:21939:52151	1011041	1011105	64
E00125:9:H05MEALXX:7:2211:16154:27398	1011063	1011106	43
E00170:22:H00WVALXX:1:1215:9414:50112	1011003	1011107	104
E00170:22:H00WVALXX:1:2212:23502:15162	1011016	1011108	92
E00170:22:H00WVALXX:1:1104:22091:67815	1011035	1011110	75
E00121:9:H00UWALXX:7:1116:4826:45646	1011100	1011111	11
E00121:9:H00UWALXX:7:1120:31937:67956	1011048	1011114	66
E00170:22:H00WVALXX:1:1212:7414:62646	1011040	1011115	75
E00170:22:H00WVALXX:1:2110:30404:27750	1011044	1011119	75
E00170:22:H00WVALXX:1:2113:6755:10099	1011050	1011122	72
E00170:22:H00WVALXX:1:1120:24943:3313	1011038	1011125	87
E00170:22:H00WVALXX:1:2220:4989:51729	1011013	1011126	113
E00170:22:H00WVALXX:1:1122:10896:68395	1011055	1011127	72
E00170:22:H00WVALXX:1:2224:17321:16973	1011056	1011128	72
E00170:22:H00WVALXX:1:2205:8825:63016	1010998	1011129	131
E00170:22:H00WVALXX:1:2119:24943:4192	1011049	1011133	84
E00170:22:H00WVALXX:1:1101:28263:46086	1011101	1011135	34
E00125:9:H05MEALXX:7:1105:10175:34553	1011051	1011136	85
E00170:22:H00WVALXX:1:1117:21574:69309	1011093	1011139	46
E00121:9:H00UWALXX:7:1105:11718:36346	1011080	1011140	60
E00170:22:H00WVALXX:1:1206:7323:10345	1011037	1011144	107
E00121:9:H00UWALXX:7:1122:12205:2909	1011004	1011145	141
E00125:9:H05MEALXX:7:2216:15342:50252	1011132	1011146	14
E00170:22:H00WVALXX:1:2114:28435:38614	1011046	1011151	105
E00170:22:H00WVALXX:1:2220:11343:38509	1011077	1011152	75
E00170:22:H00WVALXX:1:1218:30668:41111	1011061	1011154	93
E00170:22:H00WVALXX:1:2215:4045:49848	1010996	1011155	159
E00170:22:H00WVALXX:1:1117:6460:72491	1011098	1011158	60
E00170:22:H00WVALXX:1:1207:24791:7022	1011099	1011159	60
E00170:22:H00WVALXX:1:2213:5851:64194	1011076	1011162	86
E00170:22:H00WVALXX:1:1213:20275:50991	1011058	1011164	106
E00170:22:H00WVALXX:1:1219:18519:4561	1011059	1011165	106
E00121:9:H00UWALXX:7:1109:25065:37384	1011089	1011167	78
E00170:22:H00WVALXX:1:2211:19564:29894	1011090	1011168	78
E00125:9:H05MEALXX:7:1108:27045:21719	1011109	1011169	60
E00170:22:H00WVALXX:1:2222:27978:61662	1011104	1011175	71
E00170:22:H00WVALXX:1:2219:11545:34395	1011121	1011181	60
E00170:22:H00WVALXX:1:1122:15748:23706	1011113	1011182	69
E00125:9:H05MEALXX:7:2117:32302:47738	1011084	1011185	101
E00170:22:H00WVALXX:1:1117:14134:9026	1011148	1011188	40
E00170:22:H00WVALXX:1:1112:24233:46982	1011142	1011190	48
E00170:22:H00WVALXX:1:2224:21635:15408	1011143	1011191	48
E00125:9:H05MEALXX:7:1117:19523:32742	1011141	1011192	51
E00170:22:H00WVALXX:1:1219:22954:8060	1011091	1011193	102
E00121:9:H00UWALXX:7:1104:4410:67710	1011170	1011194	24
E00125:9:H05MEALXX:7:2202:22873:5528	1011103	1011196	93
E00170:22:H00WVALXX:1:1114:12855:40038	1011118	1011197	79
E00170:22:H00WVALXX:1:1110:26192:52555	1011156	1011198	42
E00170:22:H00WVALXX:1:1110:26202:52573	1011157	1011199	42
E00170:22:H00WVALXX:1:2210:32556:43607	1011117	1011202	85
E00170:22:H00WVALXX:1:1121:18163:25253	1011124	1011209	85
E00170:22:H00WVALXX:1:1118:17636:16322	1011147	1011212	65
E00170:22:H00WVALXX:1:2114:29420:41972	1011112	1011213	101
E00121:9:H00UWALXX:7:1104:11809:54120	1011166	1011214	48
E00170:22:H00WVALXX:1:2115:8389:1643	1011134	1011215	81
E00170:22:H00WVALXX:1:2121:23644:46736	1011149	1011217	68
E00170:22:H00WVALXX:1:2124:6552:5985	1011123	1011221	98
E00170:22:H00WVALXX:1:2201:15677:3893	1011150	1011223	73
E00125:9:H05MEALXX:7:1117:30090:15004	1011120	1011226	106
E00125:9:H05MEALXX:7:1207:22893:5317	1011153	1011227	74
E00125:9:H05MEALXX:7:1105:11180:3383	1011176	1011229	53
E00125:9:H05MEALXX:7:2107:14712:64598	1011161	1011231	70
E00170:22:H00WVALXX:1:2223:24416:56546	1011160	1011232	72
E00170:22:H00WVALXX:1:1115:10307:16990	1011096	1011237	141
E00170:22:H00WVALXX:1:1206:5313:34782	1011219	1011238	19
E00170:22:H00WVALXX:1:1206:5324:34799	1011220	1011239	19
E00170:22:H00WVALXX:1:2112:17849:48863	1011177	1011240	63
E00125:9:H05MEALXX:7:2122:23411:37647	1011138	1011242	104
E00170:22:H00WVALXX:1:2111:5202:23899	1011203	1011245	42
E00170:22:H00WVALXX:1:1119:25796:28382	1011131	1011248	117
E00121:9:H00UWALXX:7:1109:21117:25482	1011130	1011251	121
E00170:22:H00WVALXX:1:2220:28049:15267	1011201	1011253	52
E00170:22:H00WVALXX:1:2121:16042:32232	1011172	1011254	82
E00170:22:H00WVALXX:1:2205:4938:51430	1011178	1011255	77
E00170:22:H00WVALXX:1:2123:6775:72861	1011137	1011256	119
E00170:22:H00WVALXX:1:1113:31663:65160	1011186	1011258	72
E00170:22:H00WVALXX:1:1115:23218:41427	1011187	1011263	76
E00125:9:H05MEALXX:7:2204:8673:38597	1011189	1011266	77
E00121:9:H00UWALXX:7:1112:4512:45594	1011179	1011267	88
E00125:9:H05MEALXX:7:2116:29511:71314	1011180	1011268	88
E00170:22:H00WVALXX:1:1106:30455:69643	1011216	1011269	53
E00121:9:H00UWALXX:7:1106:16661:23636	1011206	1011271	65
E00170:22:H00WVALXX:1:2102:16905:26519	1011207	1011272	65
E00125:9:H05MEALXX:7:1105:30770:7462	1011208	1011273	65
E00170:22:H00WVALXX:1:1101:3598:39089	1011211	1011274	63
E00170:22:H00WVALXX:1:1221:27988:2821	1011116	1011275	159
E00170:22:H00WVALXX:1:1118:6704:37647	1011173	1011276	103
E00121:9:H00UWALXX:7:1122:13687:23513	1011183	1011278	95
E00125:9:H05MEALXX:7:2119:17717:24831	1011200	1011279	79
E00121:9:H00UWALXX:7:1120:9201:72280	1011174	1011280	106
E00170:22:H00WVALXX:1:1118:14002:18643	1011184	1011283	99
E00170:22:H00WVALXX:1:1119:5496:50217	1011163	1011284	121
E00170:22:H00WVALXX:1:1120:19402:19276	1011210	1011288	78
E00121:9:H00UWALXX:7:1121:23533:31283	1011235	1011293	58
E00170:22:H00WVALXX:1:2205:16255:56581	1011236	1011294	58
E00125:9:H05MEALXX:7:1219:28202:8394	1011285	1011296	11
E00170:22:H00WVALXX:1:2203:3588:57038	1011171	1011298	127
E00125:9:H05MEALXX:7:2120:19249:48653	1011233	1011299	66
E00170:22:H00WVALXX:1:1222:31440:70610	1011230	1011300	70
E00170:22:H00WVALXX:1:2218:4989:36258	1011204	1011302	98
E00125:9:H05MEALXX:7:1222:11586:72228	1011303	1011304	1
E00170:22:H00WVALXX:1:2108:10906:7761	1011224	1011306	82
E00170:22:H00WVALXX:1:2118:3141:30422	1011225	1011307	82
E00170:22:H00WVALXX:1:1223:29379:3471	1011249	1011308	59
E00170:22:H00WVALXX:1:2217:32576:14635	1011222	1011311	89
E00125:9:H05MEALXX:7:1104:30485:60730	1011234	1011320	86
E00170:22:H00WVALXX:1:2116:16428:52696	1011262	1011321	59
E00170:22:H00WVALXX:1:2117:9221:67217	1011277	1011322	45
E00125:9:H05MEALXX:7:1209:31257:21913	1011228	1011323	95
E00170:22:H00WVALXX:1:2103:15575:33920	1011247	1011324	77
E00125:9:H05MEALXX:7:1102:18052:64862	1011252	1011326	74
E00170:22:H00WVALXX:1:2116:15788:65020	1011218	1011327	109
E00170:22:H00WVALXX:1:2204:27359:49057	1011330	1011331	1
E00125:9:H05MEALXX:7:1104:4755:55544	1011291	1011333	42
E00170:22:H00WVALXX:1:2106:13332:14037	1011243	1011335	92
E00170:22:H00WVALXX:1:2205:4816:55720	1011244	1011336	92
E00170:22:H00WVALXX:1:2120:29420:27169	1011297	1011338	41
E00170:22:H00WVALXX:1:2201:2502:56915	1011257	1011339	82
E00125:9:H05MEALXX:7:2114:11769:38122	1011195	1011341	146
E00170:22:H00WVALXX:1:2202:24710:63561	1011241	1011342	101
E00170:22:H00WVALXX:1:2206:4887:57073	1011205	1011343	138
E00121:9:H00UWALXX:7:1115:26334:39335	1011286	1011344	58
E00125:9:H05MEALXX:7:1211:13992:64404	1011259	1011345	86
E00170:22:H00WVALXX:1:1106:3730:70716	1011246	1011347	101
E00170:22:H00WVALXX:1:1122:22294:58392	1011260	1011348	88
E00170:22:H00WVALXX:1:2220:5821:39247	1011305	1011354	49
E00125:9:H05MEALXX:7:1217:4471:46754	1011289	1011356	67
E00170:22:H00WVALXX:1:2211:31308:9378	1011287	1011357	70
E00170:22:H00WVALXX:1:1206:12327:56177	1011312	1011360	48
E00121:9:H00UWALXX:7:1105:29805:6284	1011292	1011362	70
E00170:22:H00WVALXX:1:2122:28719:53135	1011281	1011364	83
E00121:9:H00UWALXX:7:1110:4826:41849	1011328	1011369	41
E00125:9:H05MEALXX:7:1106:8125:4842	1011329	1011370	41
E00121:9:H00UWALXX:7:1103:31125:19223	1011290	1011372	82
E00170:22:H00WVALXX:1:1218:24680:48670	1011270	1011373	103
E00125:9:H05MEALXX:7:1221:11830:47650	1011309	1011374	65
E00170:22:H00WVALXX:1:1123:17453:69309	1011351	1011375	24
E00170:22:H00WVALXX:1:2207:4298:65758	1011310	1011376	66
E00170:22:H00WVALXX:1:1104:5770:21966	1011316	1011377	61
E00170:22:H00WVALXX:1:2207:14327:59464	1011317	1011378	61
E00170:22:H00WVALXX:1:1111:15778:35010	1011282	1011381	99
E00170:22:H00WVALXX:1:2220:32444:13527	1011332	1011383	51
E00125:9:H05MEALXX:7:2122:8023:34096	1011301	1011385	84
E00170:22:H00WVALXX:1:2107:9688:55614	1011250	1011386	136
E00121:9:H00UWALXX:7:1120:16651:25798	1011313	1011387	74
E00125:9:H05MEALXX:7:2115:21848:61873	1011314	1011388	74
E00121:9:H00UWALXX:7:1122:11566:3559	1011340	1011389	49
E00170:22:H00WVALXX:1:1101:30120:18854	1011337	1011390	53
E00170:22:H00WVALXX:1:1106:8967:58269	1011265	1011392	127
E00170:22:H00WVALXX:1:1107:9820:39247	1011352	1011393	41
E00170:22:H00WVALXX:1:1211:11738:63068	1011349	1011396	47
E00125:9:H05MEALXX:7:2102:6745:43976	1011315	1011397	82
E00125:9:H05MEALXX:7:1221:18204:53628	1011350	1011398	48
E00121:9:H00UWALXX:7:1118:11840:66514	1011361	1011400	39
E00170:22:H00WVALXX:1:1208:9160:52591	1011295	1011402	107
E00125:9:H05MEALXX:7:2205:28679:63684	1011346	1011403	57
E00170:22:H00WVALXX:1:2216:23898:52626	1011325	1011407	82
E00170:22:H00WVALXX:1:2211:13880:21069	1011264	1011408	144
E00170:22:H00WVALXX:1:1104:30780:38913	1011391	1011411	20
E00170:22:H00WVALXX:1:1110:26162:71278	1011319	1011416	97
E00170:22:H00WVALXX:1:1123:11708:59535	1011359	1011419	60
E00125:9:H05MEALXX:7:1223:2725:48758	1011358	1011420	62
E00170:22:H00WVALXX:1:2113:11545:11857	1011366	1011431	65
E00170:22:H00WVALXX:1:2107:27105:10257	1011404	1011432	28
E00170:22:H00WVALXX:1:2219:6207:26554	1011384	1011433	49
E00170:22:H00WVALXX:1:1105:26365:65723	1011363	1011436	73
E00170:22:H00WVALXX:1:2220:11353:71577	1011367	1011437	70
E00121:9:H00UWALXX:7:1115:11180:42271	1011353	1011438	85
E00170:22:H00WVALXX:1:2106:28912:47492	1011368	1011439	71
E00170:22:H00WVALXX:1:2119:17636:30176	1011427	1011440	13
E00170:22:H00WVALXX:1:2124:7323:5809	1011382	1011441	59
E00170:22:H00WVALXX:1:2224:26669:72193	1011380	1011442	62
E00121:9:H00UWALXX:7:1106:20924:46596	1011422	1011444	22
E00125:9:H05MEALXX:7:1115:28192:24866	1011355	1011445	90
E00170:22:H00WVALXX:1:2109:22162:28031	1011318	1011446	128
E00170:22:H00WVALXX:1:2112:32830:8112	1011334	1011448	114
E00170:22:H00WVALXX:1:2116:29562:13984	1011379	1011449	70
E00170:22:H00WVALXX:1:1217:12144:39862	1011401	1011450	49
E00170:22:H00WVALXX:1:2104:11383:12947	1011395	1011452	57
E00121:9:H00UWALXX:7:1106:8247:33358	1011410	1011457	47
E00121:9:H00UWALXX:7:1115:9982:21280	1011371	1011458	87
E00170:22:H00WVALXX:1:2101:15423:14388	1011261	1011464	203
E00170:22:H00WVALXX:1:2108:14286:52960	1011466	1011467	1
E00125:9:H05MEALXX:7:1113:23451:64651	1011443	1011468	25
E00170:22:H00WVALXX:1:2112:3568:12209	1011409	1011469	60
E00170:22:H00WVALXX:1:1101:5476:29965	1011417	1011471	54
E00170:22:H00WVALXX:1:2113:22233:61416	1011418	1011472	54
E00170:22:H00WVALXX:1:1219:32850:48863	1011412	1011474	62
E00170:22:H00WVALXX:1:1213:11535:35854	1011406	1011476	70
E00170:22:H00WVALXX:1:2218:17098:28787	1011413	1011477	64
E00170:22:H00WVALXX:1:2210:30029:31811	1011405	1011478	73
E00125:9:H05MEALXX:7:2208:27065:56107	1011423	1011485	62
E00125:9:H05MEALXX:7:2208:27085:55755	1011424	1011486	62
E00170:22:H00WVALXX:1:2102:30293:38843	1011489	1011491	2
E00170:22:H00WVALXX:1:2216:15372:16762	1011399	1011492	93
E00170:22:H00WVALXX:1:2115:15768:67165	1011365	1011501	136
E00125:9:H05MEALXX:7:2123:11251:56212	1011415	1011502	87
E00170:22:H00WVALXX:1:1217:12114:33340	1011421	1011503	82
E00121:9:H00UWALXX:7:1114:3730:61328	1011453	1011505	52
E00170:22:H00WVALXX:1:1103:24954:31529	1011455	1011506	51
E00125:9:H05MEALXX:7:1211:7394:14793	1011475	1011507	32
E00170:22:H00WVALXX:1:1202:28516:5880	1011434	1011508	74
E00170:22:H00WVALXX:1:1220:7130:39827	1011435	1011509	74
E00170:22:H00WVALXX:1:1224:20051:65864	1011459	1011511	52
E00170:22:H00WVALXX:1:1209:4755:40038	1011394	1011512	118
E00125:9:H05MEALXX:7:2202:14885:63385	1011462	1011513	51
E00170:22:H00WVALXX:1:1110:27857:67639	1011428	1011514	86
E00170:22:H00WVALXX:1:2106:3618:45383	1011463	1011517	54
E00170:22:H00WVALXX:1:1114:11271:62646	1011460	1011519	59
E00170:22:H00WVALXX:1:1217:6785:53259	1011473	1011520	47
E00121:9:H00UWALXX:7:1113:15169:7726	1011451	1011524	73
E00170:22:H00WVALXX:1:2122:14438:16867	1011483	1011525	42
E00170:22:H00WVALXX:1:1109:27603:69661	1011426	1011526	100
E00170:22:H00WVALXX:1:1108:4715:54173	1011456	1011530	74
E00121:9:H00UWALXX:7:1106:28638:6020	1011429	1011532	103
E00170:22:H00WVALXX:1:2222:9404:27310	1011414	1011533	119
E00121:9:H00UWALXX:7:1111:11312:31951	1011425	1011535	110
E00170:22:H00WVALXX:1:1211:6795:71771	1011430	1011536	106
E00170:22:H00WVALXX:1:1204:9059:59939	1011447	1011537	90
E00170:22:H00WVALXX:1:2208:12043:34553	1011454	1011538	84
E00125:9:H05MEALXX:7:2208:19067:17289	1011499	1011539	40
E00125:9:H05MEALXX:7:1224:12368:29560	1011518	1011543	25
E00121:9:H00UWALXX:7:1117:22102:60449	1011470	1011544	74
E00121:9:H00UWALXX:7:1201:31693:73230	1011545	1011546	1
E00125:9:H05MEALXX:7:1208:29795:12490	1011497	1011549	52
E00121:9:H00UWALXX:7:1115:32241:72702	1011493	1011554	61
E00125:9:H05MEALXX:7:1123:16478:54366	1011494	1011555	61
E00170:22:H00WVALXX:1:1120:27846:23882	1011482	1011557	75
E00170:22:H00WVALXX:1:1216:7952:1660	1011465	1011558	93
E00125:9:H05MEALXX:7:2213:21787:14230	1011487	1011559	72
E00170:22:H00WVALXX:1:1202:8501:13650	1011488	1011562	74
E00121:9:H00UWALXX:7:1108:7181:72474	1011461	1011563	102
E00125:9:H05MEALXX:7:1222:9810:57548	1011515	1011564	49
E00170:22:H00WVALXX:1:1202:26131:6671	1011516	1011565	49
E00170:22:H00WVALXX:1:2114:20254:7005	1011504	1011566	62
E00125:9:H05MEALXX:7:2205:23117:69872	1011479	1011571	92
E00125:9:H05MEALXX:7:2205:23248:69925	1011480	1011572	92
E00170:22:H00WVALXX:1:1104:21310:16252	1011481	1011573	92
E00125:9:H05MEALXX:7:2211:26568:67446	1011498	1011575	77
E00170:22:H00WVALXX:1:1211:17849:55403	1011496	1011576	80
E00170:22:H00WVALXX:1:2207:23218:38087	1011521	1011577	56
E00170:22:H00WVALXX:1:2122:29328:29859	1011484	1011582	98
E00170:22:H00WVALXX:1:2108:28537:24304	1011531	1011584	53
E00170:22:H00WVALXX:1:1120:31744:17940	1011553	1011587	34
E00170:22:H00WVALXX:1:2211:8226:72632	1011495	1011589	94
E00170:22:H00WVALXX:1:1123:13545:1502	1011510	1011590	80
E00170:22:H00WVALXX:1:2110:16113:68430	1011527	1011591	64
E00170:22:H00WVALXX:1:2216:3019:19592	1011528	1011592	64
E00125:9:H05MEALXX:7:1105:29389:58867	1011560	1011598	38
E00170:22:H00WVALXX:1:2121:22558:19750	1011500	1011601	101
E00125:9:H05MEALXX:7:2218:21503:40566	1011541	1011602	61
E00125:9:H05MEALXX:7:1121:18975:62031	1011552	1011604	52
E00121:9:H00UWALXX:7:1108:11251:16305	1011490	1011607	117
E00125:9:H05MEALXX:7:2112:20711:16621	1011529	1011611	82
E00170:22:H00WVALXX:1:2118:14540:71401	1011540	1011614	74
E00170:22:H00WVALXX:1:1204:16306:6495	1011585	1011617	32
E00170:22:H00WVALXX:1:1202:18772:70118	1011556	1011618	62
E00170:22:H00WVALXX:1:2219:6501:47914	1011597	1011619	22
E00121:9:H00UWALXX:7:1103:1456:39071	1011522	1011623	101
E00170:22:H00WVALXX:1:1114:24588:69503	1011621	1011631	10
E00125:9:H05MEALXX:7:2223:23106:40214	1011570	1011634	64
E00170:22:H00WVALXX:1:1213:12875:42288	1011550	1011637	87
E00170:22:H00WVALXX:1:2222:24517:14635	1011551	1011638	87
E00125:9:H05MEALXX:7:2110:2136:61803	1011547	1011640	93
E00121:9:H00UWALXX:7:1105:27420:12419	1011534	1011642	108
E00170:22:H00WVALXX:1:2111:8683:3454	1011578	1011643	65
E00170:22:H00WVALXX:1:1208:31186:41585	1011548	1011644	96
E00170:22:H00WVALXX:1:1216:16245:26079	1011579	1011645	66
E00170:22:H00WVALXX:1:2114:5121:27697	1011603	1011646	43
E00170:22:H00WVALXX:1:1211:19320:9361	1011583	1011648	65
E00121:9:H00UWALXX:7:2101:23259:61785	1011568	1011651	83
E00121:9:H00UWALXX:7:2101:21472:51131	1011586	1011652	66
E00170:22:H00WVALXX:1:2121:27867:45224	1011600	1011653	53
E00170:22:H00WVALXX:1:2202:12378:27960	1011610	1011654	44
E00121:9:H00UWALXX:7:1122:22071:58216	1011593	1011655	62
E00170:22:H00WVALXX:1:2116:21452:30703	1011594	1011656	62
E00125:9:H05MEALXX:7:2215:9272:30000	1011612	1011657	45
E00170:22:H00WVALXX:1:1122:15372:60607	1011574	1011659	85
E00125:9:H05MEALXX:7:1215:29978:63930	1011608	1011660	52
E00170:22:H00WVALXX:1:2106:5679:69450	1011542	1011662	120
E00170:22:H00WVALXX:1:2118:2593:13545	1011523	1011663	140
E00170:22:H00WVALXX:1:1203:10277:29279	1011605	1011665	60
E00170:22:H00WVALXX:1:2222:5902:18537	1011567	1011666	99
E00170:22:H00WVALXX:1:2119:25268:49901	1011580	1011667	87
E00125:9:H05MEALXX:7:1102:29592:1871	1011635	1011668	33
E00170:22:H00WVALXX:1:1111:8754:39651	1011636	1011669	33
E00170:22:H00WVALXX:1:2117:4430:22598	1011561	1011670	109
E00125:9:H05MEALXX:7:2103:13291:34536	1011620	1011671	51
E00170:22:H00WVALXX:1:1120:27105:1326	1011615	1011673	58
E00170:22:H00WVALXX:1:2110:18701:7831	1011596	1011674	78
E00121:9:H00UWALXX:7:1119:16813:36628	1011595	1011677	82
E00170:22:H00WVALXX:1:1212:28922:35977	1011609	1011679	70
E00121:9:H00UWALXX:7:1116:30039:59218	1011569	1011682	113
E00170:22:H00WVALXX:1:1206:8318:25148	1011606	1011684	78
E00170:22:H00WVALXX:1:2112:7323:20964	1011622	1011685	63
E00125:9:H05MEALXX:7:1109:11302:69028	1011649	1011688	39
E00170:22:H00WVALXX:1:2202:16468:25236	1011650	1011689	39
E00170:22:H00WVALXX:1:2217:16489:17008	1011624	1011690	66
E00125:9:H05MEALXX:7:1212:30962:10820	1011630	1011691	61
E00125:9:H05MEALXX:7:1120:31551:34694	1011616	1011694	78
E00125:9:H05MEALXX:7:1224:15423:26062	1011633	1011697	64
E00170:22:H00WVALXX:1:2114:23188:63209	1011629	1011702	73
E00170:22:H00WVALXX:1:2105:26466:31019	1011599	1011703	104
E00170:22:H00WVALXX:1:1223:27796:37401	1011581	1011708	127
E00125:9:H05MEALXX:7:1122:30780:15531	1011664	1011709	45
E00121:9:H00UWALXX:7:1107:8490:50727	1011628	1011711	83
E00125:9:H05MEALXX:7:2114:27491:54876	1011658	1011714	56
E00170:22:H00WVALXX:1:1124:29207:34325	1011639	1011715	76
E00125:9:H05MEALXX:7:1113:17209:18467	1011588	1011719	131
E00170:22:H00WVALXX:1:2105:5567:22985	1011626	1011723	97
E00170:22:H00WVALXX:1:1102:13068:60203	1011728	1011730	2
E00170:22:H00WVALXX:1:1102:13078:60080	1011729	1011731	2
E00170:22:H00WVALXX:1:1108:13007:56335	1011625	1011734	109
E00170:22:H00WVALXX:1:2101:25106:13298	1011632	1011736	104
E00170:22:H00WVALXX:1:2105:15281:58621	1011627	1011739	112
E00125:9:H05MEALXX:7:2124:9181:10679	1011680	1011740	60
E00125:9:H05MEALXX:7:2213:19107:16727	1011683	1011741	58
E00170:22:H00WVALXX:1:1211:31206:22563	1011647	1011742	95
E00170:22:H00WVALXX:1:1116:31531:37542	1011661	1011748	87
E00121:9:H00UWALXX:7:1117:21381:64510	1011698	1011749	51
E00170:22:H00WVALXX:1:1215:26943:8745	1011699	1011750	51
E00125:9:H05MEALXX:7:2202:23360:8552	1011672	1011752	80
E00170:22:H00WVALXX:1:2102:11627:7743	1011675	1011754	79
E00125:9:H05MEALXX:7:1109:11911:48002	1011710	1011756	46
E00170:22:H00WVALXX:1:1217:18762:43730	1011692	1011758	66
E00121:9:H00UWALXX:7:1124:1446:25236	1011724	1011759	35
E00170:22:H00WVALXX:1:2204:24416:19768	1011717	1011760	43
E00170:22:H00WVALXX:1:2207:6684:47457	1011686	1011761	75
E00170:22:H00WVALXX:1:2110:15474:26607	1011641	1011763	122
E00121:9:H00UWALXX:7:1116:11150:10116	1011678	1011766	88
E00125:9:H05MEALXX:7:1117:29643:63385	1011676	1011767	91
E00170:22:H00WVALXX:1:1221:10399:16094	1011721	1011768	47
E00170:22:H00WVALXX:1:1211:16681:58656	1011713	1011769	56
E00170:22:H00WVALXX:1:2103:9972:71718	1011706	1011770	64
E00170:22:H00WVALXX:1:2103:9982:71630	1011707	1011771	64
E00170:22:H00WVALXX:1:1124:5496:45049	1011720	1011772	52
E00125:9:H05MEALXX:7:2223:13707:41691	1011613	1011773	160
E00125:9:H05MEALXX:7:2118:6501:11523	1011712	1011774	62
E00170:22:H00WVALXX:1:1218:30861:71472	1011696	1011775	79
E00170:22:H00WVALXX:1:1209:32475:7532	1011704	1011779	75
E00121:9:H00UWALXX:7:1106:21553:57003	1011735	1011783	48
E00170:22:H00WVALXX:1:2201:19178:50112	1011722	1011785	63
E00121:9:H00UWALXX:7:1101:17361:20102	1011693	1011786	93
E00121:9:H00UWALXX:7:1113:3121:72122	1011687	1011788	101
E00170:22:H00WVALXX:1:1221:14286:37700	1011751	1011789	38
E00170:22:H00WVALXX:1:2107:6704:17817	1011743	1011790	47
E00121:9:H00UWALXX:7:2101:17767:10363	1011695	1011791	96
E00170:22:H00WVALXX:1:2213:24842:16428	1011738	1011793	55
E00170:22:H00WVALXX:1:2220:13281:39476	1011727	1011794	67
E00121:9:H00UWALXX:7:1123:19260:20682	1011737	1011796	59
E00170:22:H00WVALXX:1:2122:4654:5827	1011725	1011797	72
E00121:9:H00UWALXX:7:1122:30455:71718	1011726	1011800	74
E00121:9:H00UWALXX:7:1111:30993:18432	1011705	1011801	96
E00170:22:H00WVALXX:1:1113:5151:61433	1011718	1011804	86
E00170:22:H00WVALXX:1:2121:9160:11664	1011716	1011806	90
E00121:9:H00UWALXX:7:1110:24923:35555	1011745	1011807	62
E00170:22:H00WVALXX:1:2115:7079:34465	1011757	1011808	51
E00170:22:H00WVALXX:1:2101:3842:21544	1011764	1011809	45
E00125:9:H05MEALXX:7:2101:21381:11382	1011746	1011813	67
E00170:22:H00WVALXX:1:2106:19594:37296	1011733	1011814	81
E00170:22:H00WVALXX:1:2212:3507:18608	1011744	1011816	72
E00170:22:H00WVALXX:1:2120:16407:11593	1011681	1011821	140
E00170:22:H00WVALXX:1:2205:2380:33322	1011732	1011822	90
E00170:22:H00WVALXX:1:1122:18265:57320	1011747	1011823	76
E00170:22:H00WVALXX:1:2209:16803:50534	1011701	1011829	128
E00121:9:H00UWALXX:7:1122:2167:50006	1011781	1011832	51
E00125:9:H05MEALXX:7:1105:20711:40917	1011784	1011833	49
E00170:22:H00WVALXX:1:1212:10196:48195	1011765	1011834	69
E00170:22:H00WVALXX:1:2202:7567:23319	1011700	1011835	135
E00170:22:H00WVALXX:1:1124:7871:5387	1011795	1011837	42
E00170:22:H00WVALXX:1:1108:29907:60888	1011777	1011838	61
E00125:9:H05MEALXX:7:1104:31155:66004	1011762	1011839	77
E00121:9:H00UWALXX:7:1118:10480:43730	1011840	1011844	4
E00170:22:H00WVALXX:1:2108:31511:46859	1011841	1011845	4
E00170:22:H00WVALXX:1:2202:3608:29367	1011842	1011846	4
E00170:22:H00WVALXX:1:1102:11556:71753	1011798	1011850	52
E00170:22:H00WVALXX:1:2218:10957:31160	1011799	1011851	52
E00170:22:H00WVALXX:1:2224:13667:43695	1011856	1011857	1
E00170:22:H00WVALXX:1:1202:32262:14898	1011778	1011865	87
E00121:9:H00UWALXX:7:1122:7222:42201	1011802	1011871	69
E00170:22:H00WVALXX:1:2115:7993:14142	1011803	1011872	69
E00170:22:H00WVALXX:1:2118:2512:35344	1011824	1011874	50
E00125:9:H05MEALXX:7:1217:6227:41779	1011787	1011878	91
E00125:9:H05MEALXX:7:2121:7120:54436	1011753	1011880	127
E00125:9:H05MEALXX:7:2121:30029:70698	1011782	1011881	99
E00170:22:H00WVALXX:1:1103:12347:3893	1011776	1011882	106
E00121:9:H00UWALXX:7:1115:3070:31459	1011825	1011885	60
E00125:9:H05MEALXX:7:2201:21188:57073	1011826	1011886	60
E00121:9:H00UWALXX:7:1119:16560:37384	1011820	1011887	67
E00125:9:H05MEALXX:7:2214:11556:8077	1011805	1011888	83
E00170:22:H00WVALXX:1:1122:28669:6952	1011827	1011891	64
E00170:22:H00WVALXX:1:1201:19442:69485	1011828	1011892	64
E00125:9:H05MEALXX:7:2120:15169:64334	1011843	1011894	51
E00121:9:H00UWALXX:7:1123:19290:47141	1011852	1011898	46
E00125:9:H05MEALXX:7:2209:11018:52081	1011780	1011899	119
E00170:22:H00WVALXX:1:2205:27775:63455	1011755	1011901	146
E00170:22:H00WVALXX:1:1202:20863:71911	1011831	1011902	71
E00125:9:H05MEALXX:7:1117:9221:7163	1011853	1011903	50
E00125:9:H05MEALXX:7:1208:20843:52186	1011854	1011904	50
E00170:22:H00WVALXX:1:1106:25613:26238	1011855	1011905	50
E00170:22:H00WVALXX:1:2115:6004:20155	1011819	1011906	87
E00170:22:H00WVALXX:1:2211:23279:63824	1011848	1011907	59
E00125:9:H05MEALXX:7:2201:19432:68729	1011811	1011908	97
E00121:9:H00UWALXX:7:1106:9353:15619	1011812	1011909	97
E00170:22:H00WVALXX:1:1105:16560:50956	1011869	1011910	41
E00170:22:H00WVALXX:1:1202:14408:26202	1011870	1011911	41
E00170:22:H00WVALXX:1:1205:10419:19469	1011817	1011916	99
E00170:22:H00WVALXX:1:2222:15991:28488	1011849	1011918	69
E00125:9:H05MEALXX:7:1113:27177:22300	1011792	1011919	127
E00125:9:H05MEALXX:7:2115:15413:19786	1011864	1011920	56
E00170:22:H00WVALXX:1:1220:32505:49391	1011875	1011922	47
E00125:9:H05MEALXX:7:2103:12053:24022	1011830	1011924	94
E00170:22:H00WVALXX:1:1102:13657:72720	1011876	1011925	49
E00121:9:H00UWALXX:7:1114:24324:32971	1011858	1011929	71
E00170:22:H00WVALXX:1:1116:21990:62928	1011917	1011930	13
E00125:9:H05MEALXX:7:1117:15646:50534	1011863	1011935	72
E00125:9:H05MEALXX:7:2113:21310:24796	1011810	1011939	129
E00170:22:H00WVALXX:1:1112:13393:6794	1011866	1011940	74
E00170:22:H00WVALXX:1:2207:26456:45734	1011867	1011941	74
E00125:9:H05MEALXX:7:1119:31917:12015	1011860	1011944	84
E00125:9:H05MEALXX:7:1119:16570:64440	1011927	1011945	18
E00170:22:H00WVALXX:1:2215:11647:61785	1011879	1011946	67
E00170:22:H00WVALXX:1:2222:4024:62576	1011868	1011947	79
E00170:22:H00WVALXX:1:2215:29044:51483	1011862	1011950	88
E00170:22:H00WVALXX:1:1105:6460:2592	1011913	1011953	40
E00170:22:H00WVALXX:1:2103:30252:24005	1011931	1011954	23
E00170:22:H00WVALXX:1:2211:23857:8288	1011815	1011955	140
E00170:22:H00WVALXX:1:2212:16752:21509	1011847	1011956	109
E00121:9:H00UWALXX:7:1101:24822:71630	1011921	1011958	37
E00121:9:H00UWALXX:7:1117:18549:53944	1011897	1011962	65
E00125:9:H05MEALXX:7:2114:20224:43589	1011859	1011964	105
E00170:22:H00WVALXX:1:1207:31033:38368	1011877	1011965	88
E00170:22:H00WVALXX:1:1213:26101:14318	1011836	1011966	130
E00170:22:H00WVALXX:1:1102:22680:26466	1011873	1011967	94
E00125:9:H05MEALXX:7:2113:26953:68782	1011884	1011968	84
E00125:9:H05MEALXX:7:1206:10754:38579	1011895	1011969	74
E00125:9:H05MEALXX:7:1113:20660:44802	1011818	1011970	152
E00170:22:H00WVALXX:1:1201:11160:25288	1011890	1011971	81
E00170:22:H00WVALXX:1:1117:25786:62400	1011883	1011979	96
E00121:9:H00UWALXX:7:1104:2076:54876	1011889	1011981	92
E00125:9:H05MEALXX:7:1115:13149:15654	1011943	1011982	39
E00170:22:H00WVALXX:1:2215:4410:71226	1011984	1011985	1
E00170:22:H00WVALXX:1:2115:28669:39194	1011938	1011988	50
E00170:22:H00WVALXX:1:2102:15037:40478	1011915	1011989	74
E00125:9:H05MEALXX:7:1108:28009:7778	1011936	1011990	54
E00121:9:H00UWALXX:7:1114:26618:33217	1011912	1011992	80
E00170:22:H00WVALXX:1:1221:23583:60238	1011993	1011994	1
E00170:22:H00WVALXX:1:2224:30059:17412	1011893	1011995	102
E00170:22:H00WVALXX:1:1207:28049:49795	1011861	1011996	135
E00170:22:H00WVALXX:1:1221:13433:35239	1011896	1011997	101
E00121:9:H00UWALXX:7:1108:8886:63156	1011948	1012004	56
E00125:9:H05MEALXX:7:2212:15169:65600	1011963	1012005	42
E00170:22:H00WVALXX:1:2103:4806:11611	1011960	1012006	46
E00170:22:H00WVALXX:1:2103:4857:11593	1011961	1012007	46
E00125:9:H05MEALXX:7:2112:21107:21702	1011959	1012008	49
E00170:22:H00WVALXX:1:1219:17595:19487	1011972	1012012	40
E00170:22:H00WVALXX:1:2204:3679:49461	1011973	1012013	40
E00170:22:H00WVALXX:1:2204:3750:49408	1011974	1012014	40
E00170:22:H00WVALXX:1:2204:4390:49391	1011975	1012015	40
E00170:22:H00WVALXX:1:1105:18579:13773	1011932	1012017	85
E00170:22:H00WVALXX:1:2104:14316:27099	1011933	1012018	85
E00170:22:H00WVALXX:1:1115:18295:67499	1011900	1012020	120
E00125:9:H05MEALXX:7:1121:18204:66989	1011951	1012025	74
E00170:22:H00WVALXX:1:2121:17341:10960	1011928	1012026	98
E00170:22:H00WVALXX:1:1107:24426:59377	1011952	1012027	75
E00125:9:H05MEALXX:7:2113:31856:65881	1012023	1012029	6
E00125:9:H05MEALXX:7:2119:5009:28312	1012010	1012030	20
E00170:22:H00WVALXX:1:2103:12875:70769	1011942	1012031	89
E00170:22:H00WVALXX:1:1217:13200:2170	1011957	1012037	80
E00170:22:H00WVALXX:1:2103:13494:55421	1011923	1012038	115
E00170:22:H00WVALXX:1:1112:15291:72632	1011914	1012039	125
E00170:22:H00WVALXX:1:2102:30688:27785	1011949	1012043	94
E00125:9:H05MEALXX:7:1214:14885:7128	1011978	1012047	69
E00125:9:H05MEALXX:7:2113:22305:19979	1011934	1012050	116
E00170:22:H00WVALXX:1:1109:27440:50498	1012001	1012051	50
E00170:22:H00WVALXX:1:1215:6379:21192	1011926	1012052	126
E00170:22:H00WVALXX:1:2109:28384:50868	1012002	1012053	51
E00170:22:H00WVALXX:1:1117:24507:11488	1011983	1012058	75
E00170:22:H00WVALXX:1:2116:10307:4719	1011991	1012066	75
E00125:9:H05MEALXX:7:1114:9465:68378	1011976	1012067	91
E00170:22:H00WVALXX:1:2218:23837:10046	1011977	1012068	91
E00125:9:H05MEALXX:7:2119:8602:57636	1011980	1012074	94
E00125:9:H05MEALXX:7:1111:14976:67762	1012000	1012077	77
E00170:22:H00WVALXX:1:1116:27288:57408	1012022	1012078	56
E00170:22:H00WVALXX:1:2103:10642:32514	1011937	1012080	143
E00121:9:H00UWALXX:7:1103:16651:32971	1012016	1012086	70
E00121:9:H00UWALXX:7:1118:23695:55579	1012009	1012087	78
E00170:22:H00WVALXX:1:2204:20264:15004	1012040	1012088	48
E00170:22:H00WVALXX:1:2218:7790:55597	1012041	1012091	50
E00121:9:H00UWALXX:7:1118:28141:14441	1011998	1012092	94
E00170:22:H00WVALXX:1:1224:8917:15531	1011999	1012093	94
E00170:22:H00WVALXX:1:1110:13291:72685	1012033	1012097	64
E00125:9:H05MEALXX:7:2106:27177:64141	1012003	1012098	95
E00170:22:H00WVALXX:1:1123:8186:25236	1012011	1012099	88
E00170:22:H00WVALXX:1:2109:18701:51325	1011986	1012100	114
E00170:22:H00WVALXX:1:2124:22325:40196	1011987	1012101	114
E00170:22:H00WVALXX:1:1110:16854:43976	1012024	1012104	80
E00170:22:H00WVALXX:1:1207:21970:60924	1012079	1012105	26
E00121:9:H00UWALXX:7:1105:30597:44187	1012062	1012106	44
E00125:9:H05MEALXX:7:1108:25837:44240	1012045	1012107	62
E00121:9:H00UWALXX:7:1124:18782:40108	1012021	1012109	88
E00170:22:H00WVALXX:1:1204:14753:67340	1012056	1012110	54
E00170:22:H00WVALXX:1:1208:10317:62225	1012070	1012111	41
E00170:22:H00WVALXX:1:1211:17778:40970	1012061	1012112	51
E00170:22:H00WVALXX:1:1219:10084:71841	1012036	1012113	77
E00170:22:H00WVALXX:1:1110:29988:48688	1012046	1012114	68
E00170:22:H00WVALXX:1:2117:8896:20348	1012048	1012115	67
E00170:22:H00WVALXX:1:2117:8927:20331	1012049	1012116	67
E00170:22:H00WVALXX:1:2105:4775:28892	1012019	1012119	100
E00121:9:H00UWALXX:7:1106:21482:64545	1012059	1012121	62
E00170:22:H00WVALXX:1:2102:18437:51395	1012060	1012122	62
E00125:9:H05MEALXX:7:1221:11464:41040	1012071	1012124	53
E00170:22:H00WVALXX:1:1107:15331:5053	1012072	1012125	53
E00170:22:H00WVALXX:1:2124:31795:62752	1012044	1012127	83
E00125:9:H05MEALXX:7:2117:21361:35010	1012081	1012128	47
E00125:9:H05MEALXX:7:1217:8186:34237	1012057	1012129	72
E00170:22:H00WVALXX:1:2206:21909:69749	1012054	1012130	76
E00125:9:H05MEALXX:7:2106:12215:65090	1012094	1012138	44
E00170:22:H00WVALXX:1:2101:18864:15180	1012095	1012139	44
E00125:9:H05MEALXX:7:1206:13078:68800	1012055	1012143	88
E00170:22:H00WVALXX:1:1211:2441:48512	1012065	1012155	90
E00170:22:H00WVALXX:1:1120:20538:41286	1012069	1012156	87
E00170:22:H00WVALXX:1:1121:8815:50481	1012042	1012159	117
E00121:9:H00UWALXX:7:1102:18488:24761	1012034	1012161	127
E00121:9:H00UWALXX:7:1109:16489:7198	1012035	1012162	127
E00170:22:H00WVALXX:1:1118:28110:55773	1012028	1012163	135
E00125:9:H05MEALXX:7:1222:7607:7462	1012084	1012164	80
E00170:22:H00WVALXX:1:1107:27633:35749	1012064	1012165	101
E00125:9:H05MEALXX:7:2222:32059:64545	1012141	1012168	27
E00121:9:H00UWALXX:7:1123:25958:58867	1012108	1012169	61
E00170:22:H00WVALXX:1:2110:10023:13580	1012102	1012172	70
E00170:22:H00WVALXX:1:2113:15311:63350	1012103	1012174	71
E00170:22:H00WVALXX:1:2119:31703:33762	1012063	1012177	114
E00170:22:H00WVALXX:1:1206:28405:44293	1012133	1012180	47
E00170:22:H00WVALXX:1:1107:23320:15057	1012082	1012183	101
E00170:22:H00WVALXX:1:2208:30658:18168	1012145	1012186	41
E00125:9:H05MEALXX:7:1109:27725:39458	1012083	1012188	105
E00121:9:H00UWALXX:7:1108:22995:27714	1012089	1012189	100
E00170:22:H00WVALXX:1:1122:4227:65319	1012120	1012190	70
E00170:22:H00WVALXX:1:2214:24050:4965	1012123	1012191	68
E00170:22:H00WVALXX:1:1215:16864:22546	1012073	1012192	119
E00170:22:H00WVALXX:1:2202:9627:47527	1012090	1012193	103
E00170:22:H00WVALXX:1:1115:32008:61363	1012151	1012198	47
E00121:9:H00UWALXX:7:1119:32718:13720	1012149	1012199	50
E00170:22:H00WVALXX:1:2218:23218:6196	1012085	1012201	116
E00170:22:H00WVALXX:1:1206:6196:18239	1012117	1012202	85
E00170:22:H00WVALXX:1:2218:5334:71735	1012118	1012203	85
E00125:9:H05MEALXX:7:1217:4867:53944	1012126	1012206	80
E00170:22:H00WVALXX:1:2108:11312:31143	1012144	1012207	63
E00170:22:H00WVALXX:1:2116:12276:45400	1012147	1012209	62
E00170:22:H00WVALXX:1:2218:5476:66215	1012148	1012210	62
E00170:22:H00WVALXX:1:2220:19594:14898	1012032	1012211	179
E00125:9:H05MEALXX:7:1218:23614:12507	1012171	1012212	41
E00170:22:H00WVALXX:1:1206:31653:46121	1012178	1012213	35
E00170:22:H00WVALXX:1:2108:24436:60062	1012075	1012216	141
E00170:22:H00WVALXX:1:2105:3771:54190	1012137	1012217	80
E00125:9:H05MEALXX:7:2117:20000:66866	1012160	1012218	58
E00170:22:H00WVALXX:1:1220:16032:62910	1012181	1012219	38
E00121:9:H00UWALXX:7:1115:30079:48705	1012131	1012221	90
E00125:9:H05MEALXX:7:1124:32800:49162	1012132	1012222	90
E00121:9:H00UWALXX:7:1104:25015:3752	1012140	1012223	83
E00170:22:H00WVALXX:1:2202:31338:24128	1012215	1012224	9
E00125:9:H05MEALXX:7:2106:20985:46807	1012096	1012229	133
E00170:22:H00WVALXX:1:2204:12987:17518	1012157	1012230	73
E00170:22:H00WVALXX:1:2204:13007:17518	1012158	1012231	73
E00121:9:H00UWALXX:7:1113:25258:50235	1012170	1012234	64
E00125:9:H05MEALXX:7:1117:23015:18502	1012235	1012240	5
E00125:9:H05MEALXX:7:1224:3497:65459	1012150	1012242	92
E00170:22:H00WVALXX:1:2218:8084:64862	1012166	1012243	77
E00170:22:H00WVALXX:1:2218:8094:64844	1012167	1012244	77
E00170:22:H00WVALXX:1:2118:16174:32039	1012076	1012245	169
E00170:22:H00WVALXX:1:2105:9333:58937	1012195	1012246	51
E00125:9:H05MEALXX:7:2210:14479:22915	1012152	1012247	95
E00125:9:H05MEALXX:7:2210:14560:22985	1012153	1012248	95
E00170:22:H00WVALXX:1:1118:17544:9343	1012173	1012253	80
E00170:22:H00WVALXX:1:1203:2664:34553	1012134	1012254	120
E00121:9:H00UWALXX:7:1111:9597:44627	1012135	1012255	120
E00170:22:H00WVALXX:1:2203:7049:42570	1012146	1012258	112
E00170:22:H00WVALXX:1:2121:8034:70575	1012175	1012263	88
E00125:9:H05MEALXX:7:1119:18854:9150	1012214	1012265	51
E00125:9:H05MEALXX:7:1201:13190:48740	1012182	1012266	84
E00170:22:H00WVALXX:1:2108:4319:71876	1012142	1012271	129
E00125:9:H05MEALXX:7:1214:13748:32830	1012237	1012272	35
E00121:9:H00UWALXX:7:1104:16306:67850	1012225	1012274	49
E00170:22:H00WVALXX:1:1122:21624:65073	1012184	1012275	91
E00125:9:H05MEALXX:7:2110:23238:67973	1012154	1012277	123
E00170:22:H00WVALXX:1:2112:3923:23442	1012194	1012278	84
E00170:22:H00WVALXX:1:1202:23035:48670	1012179	1012279	100
E00125:9:H05MEALXX:7:2212:24507:51571	1012196	1012287	91
E00121:9:H00UWALXX:7:1101:12368:70733	1012136	1012289	153
E00125:9:H05MEALXX:7:2223:27014:33094	1012232	1012290	58
E00170:22:H00WVALXX:1:1206:10043:57847	1012208	1012292	84
E00121:9:H00UWALXX:7:1103:5547:29560	1012250	1012296	46
E00170:22:H00WVALXX:1:2223:23888:64387	1012252	1012297	45
E00170:22:H00WVALXX:1:2206:24487:72421	1012256	1012301	45
E00170:22:H00WVALXX:1:2206:24598:72368	1012257	1012302	45
E00170:22:H00WVALXX:1:1117:20904:50147	1012226	1012303	77
E00170:22:H00WVALXX:1:2107:2207:29226	1012249	1012304	55
E00170:22:H00WVALXX:1:2107:11343:21667	1012205	1012306	101
E00121:9:H00UWALXX:7:1102:9850:38526	1012270	1012307	37
E00121:9:H00UWALXX:7:1124:31886:35309	1012264	1012308	44
E00170:22:H00WVALXX:1:2212:32668:22598	1012204	1012310	106
E00170:22:H00WVALXX:1:2104:10327:25288	1012200	1012312	112
E00125:9:H05MEALXX:7:1216:5476:13052	1012236	1012315	79
E00170:22:H00WVALXX:1:2120:27532:48723	1012241	1012316	75
E00170:22:H00WVALXX:1:1206:26030:11874	1012227	1012317	90
E00170:22:H00WVALXX:1:1206:26050:11874	1012228	1012318	90
E00170:22:H00WVALXX:1:1103:18854:27468	1012185	1012320	135
E00170:22:H00WVALXX:1:2201:24284:11734	1012238	1012323	85
E00170:22:H00WVALXX:1:1105:15149:64615	1012281	1012324	43
E00170:22:H00WVALXX:1:2216:9059:37753	1012261	1012325	64
E00170:22:H00WVALXX:1:2110:5131:47756	1012187	1012326	139
E00125:9:H05MEALXX:7:2102:23675:15391	1012280	1012327	47
E00170:22:H00WVALXX:1:2205:4522:10943	1012291	1012328	37
E00125:9:H05MEALXX:7:1207:6146:46244	1012239	1012332	93
E00170:22:H00WVALXX:1:1202:3821:34448	1012267	1012333	66
E00121:9:H00UWALXX:7:1124:13799:15584	1012176	1012334	158
E00125:9:H05MEALXX:7:2206:25197:23935	1012262	1012335	73
E00170:22:H00WVALXX:1:1118:14103:12209	1012284	1012336	52
E00125:9:H05MEALXX:7:2210:8338:60625	1012288	1012337	49
E00125:9:H05MEALXX:7:2211:12083:53188	1012251	1012338	87
E00170:22:H00WVALXX:1:1110:10043:48881	1012197	1012339	142
E00125:9:H05MEALXX:7:2223:19381:11083	1012260	1012340	80
E00121:9:H00UWALXX:7:1120:29399:39476	1012273	1012346	73
E00121:9:H00UWALXX:7:1122:19432:48301	1012341	1012347	6
E00170:22:H00WVALXX:1:2217:13616:50006	1012342	1012348	6
E00170:22:H00WVALXX:1:1122:3578:58251	1012220	1012365	145
E00125:9:H05MEALXX:7:1103:15382:71138	1012276	1012370	94
E00170:22:H00WVALXX:1:2112:3233:14336	1012283	1012372	89
E00125:9:H05MEALXX:7:2219:18529:35766	1012300	1012373	73
E00121:9:H00UWALXX:7:1104:12652:39124	1012321	1012374	53
E00170:22:H00WVALXX:1:2206:12124:67288	1012269	1012376	107
E00170:22:H00WVALXX:1:2111:13565:44504	1012295	1012377	82
E00170:22:H00WVALXX:1:2219:5648:50446	1012294	1012379	85
E00170:22:H00WVALXX:1:1115:3963:36206	1012329	1012380	51
E00170:22:H00WVALXX:1:1115:3984:36065	1012330	1012381	51
E00170:22:H00WVALXX:1:1115:4004:36100	1012331	1012382	51
E00170:22:H00WVALXX:1:1202:19706:59675	1012311	1012388	77
E00170:22:H00WVALXX:1:1209:22629:18362	1012313	1012389	76
E00170:22:H00WVALXX:1:2109:18255:5546	1012314	1012390	76
E00125:9:H05MEALXX:7:1207:7506:49408	1012282	1012394	112
E00170:22:H00WVALXX:1:2217:21005:7181	1012233	1012396	163
E00170:22:H00WVALXX:1:2124:9668:27978	1012358	1012397	39
E00170:22:H00WVALXX:1:1219:7496:71964	1012309	1012398	89
E00170:22:H00WVALXX:1:1109:11952:8306	1012305	1012405	100
E00125:9:H05MEALXX:7:2123:10541:27169	1012319	1012406	87
E00121:9:H00UWALXX:7:1114:26101:10240	1012343	1012408	65
E00170:22:H00WVALXX:1:2222:4451:50973	1012345	1012409	64
E00170:22:H00WVALXX:1:2218:30881:25517	1012359	1012414	55
E00125:9:H05MEALXX:7:2107:11393:22598	1012351	1012416	65
E00170:22:H00WVALXX:1:2106:12804:52643	1012352	1012417	65
E00170:22:H00WVALXX:1:2106:12835:52626	1012353	1012418	65
E00170:22:H00WVALXX:1:2109:2289:37524	1012354	1012419	65
E00170:22:H00WVALXX:1:2109:2299:37507	1012355	1012420	65
E00170:22:H00WVALXX:1:2110:30952:19592	1012298	1012421	123
E00170:22:H00WVALXX:1:2208:28882:23671	1012259	1012423	164
E00170:22:H00WVALXX:1:2108:8287:18379	1012268	1012424	156
E00170:22:H00WVALXX:1:1122:20051:56511	1012361	1012425	64
E00121:9:H00UWALXX:7:1120:5121:66163	1012392	1012427	35
E00170:22:H00WVALXX:1:2208:4278:50147	1012299	1012428	129
E00121:9:H00UWALXX:7:1112:21340:60642	1012363	1012429	66
E00121:9:H00UWALXX:7:1115:1558:30844	1012368	1012433	65
E00125:9:H05MEALXX:7:1220:27775:59447	1012384	1012435	51
E00125:9:H05MEALXX:7:1210:3649:67165	1012293	1012436	143
E00121:9:H00UWALXX:7:1103:14377:3014	1012322	1012437	115
E00125:9:H05MEALXX:7:1207:17839:61398	1012369	1012438	69
E00121:9:H00UWALXX:7:1106:31105:3928	1012400	1012440	40
E00125:9:H05MEALXX:7:1105:19869:48143	1012286	1012441	155
E00125:9:H05MEALXX:7:2123:18549:60554	1012344	1012442	98
E00121:9:H00UWALXX:7:1123:15453:5194	1012383	1012443	60
E00170:22:H00WVALXX:1:2103:8917:19118	1012385	1012444	59
E00170:22:H00WVALXX:1:1107:29582:60607	1012357	1012446	89
E00170:22:H00WVALXX:1:1213:31257:46842	1012366	1012447	81
E00125:9:H05MEALXX:7:1110:31825:18186	1012412	1012448	36
E00125:9:H05MEALXX:7:2216:2573:61258	1012378	1012450	72
E00121:9:H00UWALXX:7:1116:12459:61187	1012364	1012455	91
E00170:22:H00WVALXX:1:1105:22233:42324	1012360	1012457	97
E00170:22:H00WVALXX:1:1215:6511:63930	1012362	1012458	96
E00170:22:H00WVALXX:1:1123:2613:63508	1012393	1012459	66
E00125:9:H05MEALXX:7:1121:11698:62225	1012391	1012463	72
E00170:22:H00WVALXX:1:2221:11698:30334	1012386	1012464	78
E00170:22:H00WVALXX:1:1208:18559:71261	1012413	1012465	52
E00170:22:H00WVALXX:1:1124:27633:5792	1012375	1012466	91
E00170:22:H00WVALXX:1:1206:16489:26677	1012404	1012467	63
E00125:9:H05MEALXX:7:2105:19645:53346	1012367	1012469	102
E00125:9:H05MEALXX:7:1110:8907:57882	1012401	1012470	69
E00125:9:H05MEALXX:7:1118:31450:47633	1012402	1012471	69
E00170:22:H00WVALXX:1:1217:21533:35555	1012410	1012472	62
E00170:22:H00WVALXX:1:2204:7343:24726	1012403	1012473	70
E00170:22:H00WVALXX:1:2210:17280:55192	1012371	1012475	104
E00125:9:H05MEALXX:7:2101:28445:58040	1012395	1012477	82
E00170:22:H00WVALXX:1:1110:6339:38702	1012350	1012478	128
E00170:22:H00WVALXX:1:2113:20752:5827	1012349	1012480	131
E00170:22:H00WVALXX:1:2110:9576:48318	1012411	1012481	70
E00125:9:H05MEALXX:7:2219:26760:5932	1012430	1012482	52
E00170:22:H00WVALXX:1:2112:27268:21930	1012399	1012483	84
E00121:9:H00UWALXX:7:1107:26314:53434	1012285	1012484	199
E00170:22:H00WVALXX:1:1208:9008:43255	1012422	1012485	63
E00170:22:H00WVALXX:1:2107:19737:23196	1012415	1012488	73
E00170:22:H00WVALXX:1:1213:17554:59394	1012431	1012489	58
E00170:22:H00WVALXX:1:2220:2634:52151	1012432	1012490	58
E00125:9:H05MEALXX:7:1217:9495:12384	1012434	1012491	57
E00170:22:H00WVALXX:1:1209:12043:62365	1012456	1012492	36
E00170:22:H00WVALXX:1:1223:21147:70645	1012356	1012496	140
E00170:22:H00WVALXX:1:1207:30293:2522	1012407	1012498	91
E00121:9:H00UWALXX:7:1116:28110:21878	1012474	1012499	25
E00170:22:H00WVALXX:1:2211:3801:37225	1012387	1012500	113
E00170:22:H00WVALXX:1:1108:15321:72157	1012439	1012509	70
E00170:22:H00WVALXX:1:1120:20244:34166	1012449	1012510	61
E00170:22:H00WVALXX:1:1220:8308:11453	1012453	1012511	58
E00170:22:H00WVALXX:1:2119:29927:33006	1012454	1012512	58
E00170:22:H00WVALXX:1:1101:7343:34008	1012426	1012516	90
E00170:22:H00WVALXX:1:2122:23736:12015	1012479	1012519	40
E00170:22:H00WVALXX:1:1217:27948:6759	1012493	1012523	30
E00125:9:H05MEALXX:7:1102:3984:66057	1012460	1012524	64
E00125:9:H05MEALXX:7:1102:4106:65916	1012461	1012525	64
E00170:22:H00WVALXX:1:2124:21229:44943	1012487	1012529	42
E00170:22:H00WVALXX:1:1209:14672:11083	1012502	1012530	28
E00170:22:H00WVALXX:1:2108:32485:52344	1012503	1012531	28
E00170:22:H00WVALXX:1:2108:32505:52731	1012504	1012532	28
E00170:22:H00WVALXX:1:2108:32688:52942	1012505	1012533	28
E00170:22:H00WVALXX:1:2108:32708:52801	1012506	1012534	28
E00170:22:H00WVALXX:1:2120:15748:35450	1012507	1012535	28
E00170:22:H00WVALXX:1:2201:22589:58374	1012476	1012537	61
E00121:9:H00UWALXX:7:1111:2350:2785	1012452	1012538	86
E00170:22:H00WVALXX:1:1223:16357:23214	1012445	1012539	94
E00170:22:H00WVALXX:1:2102:18204:62559	1012494	1012540	46
E00170:22:H00WVALXX:1:2102:11931:13580	1012501	1012546	45
E00170:22:H00WVALXX:1:1210:19838:14582	1012462	1012549	87
E00121:9:H00UWALXX:7:1109:29633:62207	1012451	1012553	102
E00170:22:H00WVALXX:1:2110:31348:39722	1012513	1012554	41
E00170:22:H00WVALXX:1:2124:14205:2750	1012514	1012558	44
E00121:9:H00UWALXX:7:1116:3568:48459	1012486	1012559	73
E00125:9:H05MEALXX:7:1102:13829:37507	1012468	1012560	92
E00170:22:H00WVALXX:1:1121:28841:33762	1012508	1012567	59
E00170:22:H00WVALXX:1:1217:18539:31740	1012518	1012568	50
E00170:22:H00WVALXX:1:2112:7841:9554	1012517	1012569	52
E00125:9:H05MEALXX:7:2110:31856:55157	1012497	1012571	74
E00125:9:H05MEALXX:7:1203:23807:42728	1012495	1012573	78
E00170:22:H00WVALXX:1:1110:21858:44556	1012521	1012576	55
E00121:9:H00UWALXX:7:1109:8460:5458	1012520	1012578	58
E00125:9:H05MEALXX:7:1213:11911:7392	1012522	1012585	63
E00170:22:H00WVALXX:1:2211:29125:19030	1012526	1012593	67
E00121:9:H00UWALXX:7:1124:20021:23688	1012552	1012598	46
E00121:9:H00UWALXX:7:1119:11789:34219	1012562	1012600	38
E00170:22:H00WVALXX:1:1121:15240:8622	1012550	1012601	51
E00125:9:H05MEALXX:7:2220:27471:26326	1012527	1012602	75
E00125:9:H05MEALXX:7:1101:8196:64281	1012555	1012603	48
E00170:22:H00WVALXX:1:2117:22071:53751	1012556	1012604	48
E00170:22:H00WVALXX:1:2210:9617:7040	1012515	1012605	90
E00121:9:H00UWALXX:7:1115:30181:67551	1012581	1012606	25
E00121:9:H00UWALXX:7:1116:25877:33586	1012582	1012607	25
E00170:22:H00WVALXX:1:1214:29257:49778	1012547	1012608	61
E00170:22:H00WVALXX:1:2104:25228:1309	1012548	1012609	61
E00170:22:H00WVALXX:1:2222:22650:45963	1012536	1012611	75
E00170:22:H00WVALXX:1:2210:18772:55034	1012561	1012615	54
E00121:9:H00UWALXX:7:1120:22457:37296	1012543	1012616	73
E00170:22:H00WVALXX:1:1214:29582:22950	1012545	1012617	72
E00125:9:H05MEALXX:7:2113:31490:46086	1012589	1012618	29
E00121:9:H00UWALXX:7:1103:4481:30387	1012528	1012619	91
E00170:22:H00WVALXX:1:2101:29998:68887	1012574	1012620	46
E00170:22:H00WVALXX:1:2101:29998:68958	1012575	1012621	46
E00125:9:H05MEALXX:7:1104:32556:5633	1012544	1012622	78
E00170:22:H00WVALXX:1:2215:10916:24761	1012584	1012625	41
E00170:22:H00WVALXX:1:1113:6115:33393	1012541	1012626	85
E00170:22:H00WVALXX:1:2102:8501:9361	1012542	1012627	85
E00170:22:H00WVALXX:1:1121:32252:45928	1012580	1012628	48
E00170:22:H00WVALXX:1:1113:27542:61855	1012551	1012640	89
E00170:22:H00WVALXX:1:1224:32830:23618	1012557	1012643	86
E00170:22:H00WVALXX:1:2210:9749:42183	1012579	1012644	65
E00170:22:H00WVALXX:1:2112:24812:67323	1012566	1012645	79
E00121:9:H00UWALXX:7:1116:5567:17008	1012588	1012648	60
E00170:22:H00WVALXX:1:1202:9333:9993	1012563	1012649	86
E00170:22:H00WVALXX:1:1202:9434:9747	1012564	1012650	86
E00170:22:H00WVALXX:1:2121:21665:52766	1012565	1012651	86
E00170:22:H00WVALXX:1:2207:8044:70698	1012591	1012652	61
E00170:22:H00WVALXX:1:2207:8764:71103	1012592	1012653	61
E00170:22:H00WVALXX:1:2201:28364:32901	1012583	1012657	74
E00170:22:H00WVALXX:1:1213:4968:14107	1012570	1012658	88
E00125:9:H05MEALXX:7:2201:4380:46631	1012599	1012659	60
E00125:9:H05MEALXX:7:2210:6399:56001	1012586	1012660	74
E00170:22:H00WVALXX:1:1102:15433:37823	1012610	1012663	53
E00170:22:H00WVALXX:1:2108:17077:47492	1012612	1012664	52
E00121:9:H00UWALXX:7:1113:25238:43800	1012597	1012665	68
E00170:22:H00WVALXX:1:2115:18092:25517	1012596	1012666	70
E00125:9:H05MEALXX:7:2119:15210:3788	1012577	1012668	91
E00170:22:H00WVALXX:1:2122:10602:9097	1012590	1012673	83
E00125:9:H05MEALXX:7:2215:27319:36505	1012675	1012676	1
E00125:9:H05MEALXX:7:2223:32323:48090	1012613	1012678	65
E00170:22:H00WVALXX:1:1206:14783:49848	1012614	1012679	65
E00170:22:H00WVALXX:1:1119:23147:59482	1012639	1012682	43
E00170:22:H00WVALXX:1:1124:20000:28084	1012572	1012683	111
E00170:22:H00WVALXX:1:2123:8369:32022	1012629	1012684	55
E00170:22:H00WVALXX:1:2123:8369:32057	1012630	1012685	55
E00170:22:H00WVALXX:1:2105:3771:4684	1012594	1012687	93
E00125:9:H05MEALXX:7:2210:8338:65301	1012635	1012691	56
E00170:22:H00WVALXX:1:2218:3476:2592	1012641	1012696	55
E00125:9:H05MEALXX:7:2202:2177:35573	1012646	1012698	52
E00121:9:H00UWALXX:7:1112:24111:3805	1012624	1012699	75
E00170:22:H00WVALXX:1:1215:3253:46367	1012655	1012700	45
E00170:22:H00WVALXX:1:2209:32698:40407	1012595	1012706	111
E00170:22:H00WVALXX:1:1210:29501:62225	1012587	1012711	124
E00170:22:H00WVALXX:1:1215:3243:46420	1012654	1012712	58
E00170:22:H00WVALXX:1:2114:30201:25148	1012632	1012716	84
E00170:22:H00WVALXX:1:2116:20924:15267	1012631	1012717	86
E00170:22:H00WVALXX:1:2120:2948:61767	1012642	1012718	76
E00121:9:H00UWALXX:7:1113:9769:61978	1012633	1012720	87
E00121:9:H00UWALXX:7:1113:9779:61926	1012634	1012721	87
E00121:9:H00UWALXX:7:1120:14438:68096	1012636	1012722	86
E00170:22:H00WVALXX:1:1109:10104:68184	1012680	1012725	45
E00170:22:H00WVALXX:1:1112:11759:28330	1012681	1012726	45
E00170:22:H00WVALXX:1:1215:3273:46332	1012656	1012731	75
E00121:9:H00UWALXX:7:1119:4674:26818	1012623	1012732	109
E00170:22:H00WVALXX:1:1119:10246:62980	1012638	1012733	95
E00170:22:H00WVALXX:1:1120:25898:61785	1012671	1012735	64
E00170:22:H00WVALXX:1:2108:21726:31389	1012669	1012741	72
E00170:22:H00WVALXX:1:2120:8521:12525	1012647	1012744	97
E00121:9:H00UWALXX:7:1121:16052:17940	1012692	1012747	55
E00170:22:H00WVALXX:1:1120:5181:58251	1012690	1012751	61
E00170:22:H00WVALXX:1:1114:10317:46824	1012694	1012753	59
E00121:9:H00UWALXX:7:1102:17818:23601	1012688	1012755	67
E00125:9:H05MEALXX:7:1221:19919:66936	1012689	1012756	67
E00170:22:H00WVALXX:1:1223:26740:36909	1012674	1012757	83
E00170:22:H00WVALXX:1:1104:20203:11031	1012662	1012758	96
E00121:9:H00UWALXX:7:1108:7658:36557	1012708	1012759	51
E00125:9:H05MEALXX:7:2115:30425:22862	1012709	1012760	51
E00121:9:H00UWALXX:7:1122:17016:32619	1012667	1012761	94
E00121:9:H00UWALXX:7:2101:2441:43625	1012677	1012763	86
E00121:9:H00UWALXX:7:1103:18275:44679	1012740	1012769	29
E00125:9:H05MEALXX:7:1215:20498:32496	1012701	1012771	70
E00170:22:H00WVALXX:1:2203:22345:2575	1012702	1012772	70
E00125:9:H05MEALXX:7:2108:24050:24902	1012670	1012773	103
E00170:22:H00WVALXX:1:1202:6136:28857	1012672	1012774	102
E00170:22:H00WVALXX:1:2115:4745:56687	1012697	1012775	78
E00170:22:H00WVALXX:1:1105:5192:20612	1012693	1012779	86
E00125:9:H05MEALXX:7:1223:9607:3225	1012738	1012780	42
E00170:22:H00WVALXX:1:2123:12835:46402	1012781	1012783	2
E00170:22:H00WVALXX:1:2212:16905:8692	1012782	1012784	2
E00170:22:H00WVALXX:1:2223:8379:34852	1012637	1012785	148
E00125:9:H05MEALXX:7:1209:5354:55140	1012724	1012788	64
E00170:22:H00WVALXX:1:1205:26040:42693	1012704	1012789	85
E00170:22:H00WVALXX:1:2101:16813:55439	1012705	1012790	85
E00121:9:H00UWALXX:7:1103:30780:40284	1012730	1012792	62
E00170:22:H00WVALXX:1:2124:26344:38755	1012728	1012794	66
E00121:9:H00UWALXX:7:1104:18488:72509	1012727	1012795	68
E00125:9:H05MEALXX:7:2205:11231:10257	1012686	1012796	110
E00121:9:H00UWALXX:7:1102:14205:34325	1012754	1012797	43
E00125:9:H05MEALXX:7:2207:8409:3471	1012661	1012798	137
E00170:22:H00WVALXX:1:2101:13941:68852	1012703	1012799	96
E00121:9:H00UWALXX:7:1108:24558:60519	1012748	1012800	52
E00121:9:H00UWALXX:7:1117:20122:16621	1012749	1012801	52
E00170:22:H00WVALXX:1:2210:2197:70558	1012750	1012802	52
E00170:22:H00WVALXX:1:2214:12053:62910	1012729	1012803	74
E00125:9:H05MEALXX:7:1212:24101:28119	1012739	1012804	65
E00170:22:H00WVALXX:1:2122:9576:72790	1012762	1012805	43
E00170:22:H00WVALXX:1:1111:2086:15267	1012710	1012808	98
E00170:22:H00WVALXX:1:2115:18184:29894	1012713	1012810	97
E00121:9:H00UWALXX:7:1110:25035:52837	1012745	1012816	71
E00170:22:H00WVALXX:1:1114:19625:58515	1012746	1012817	71
E00170:22:H00WVALXX:1:1204:29247:21104	1012736	1012822	86
E00170:22:H00WVALXX:1:2204:3141:60941	1012737	1012823	86
E00170:22:H00WVALXX:1:2203:6460:73230	1012714	1012829	115
E00170:22:H00WVALXX:1:1207:25593:24163	1012707	1012831	124
E00121:9:H00UWALXX:7:1106:11698:45875	1012766	1012832	66
E00125:9:H05MEALXX:7:1206:14185:71911	1012825	1012833	8
E00170:22:H00WVALXX:1:1124:15910:4754	1012826	1012834	8
E00170:22:H00WVALXX:1:1105:32465:72421	1012786	1012836	50
E00170:22:H00WVALXX:1:1113:9302:70206	1012787	1012837	50
E00125:9:H05MEALXX:7:2208:10145:59992	1012770	1012838	68
E00170:22:H00WVALXX:1:1123:6237:49356	1012752	1012839	87
E00121:9:H00UWALXX:7:1105:16428:15672	1012764	1012842	78
E00170:22:H00WVALXX:1:1212:28131:18819	1012734	1012849	115
E00125:9:H05MEALXX:7:2215:7729:61363	1012723	1012850	127
E00170:22:H00WVALXX:1:1106:32353:37805	1012809	1012851	42
E00170:22:H00WVALXX:1:2121:19737:51922	1012715	1012855	140
E00121:9:H00UWALXX:7:1112:4238:52643	1012765	1012857	92
E00121:9:H00UWALXX:7:1118:12997:50692	1012719	1012858	139
E00170:22:H00WVALXX:1:2206:2898:3243	1012767	1012862	95
E00125:9:H05MEALXX:7:1106:29531:48002	1012778	1012864	86
E00125:9:H05MEALXX:7:1206:16864:34887	1012811	1012866	55
E00170:22:H00WVALXX:1:1111:28334:57144	1012742	1012867	125
E00170:22:H00WVALXX:1:1123:5171:28031	1012743	1012868	125
E00170:22:H00WVALXX:1:1208:32302:40847	1012777	1012869	92
E00125:9:H05MEALXX:7:1110:13525:34377	1012812	1012872	60
E00125:9:H05MEALXX:7:1222:9719:50674	1012793	1012873	80
E00121:9:H00UWALXX:7:1116:18356:17465	1012818	1012875	57
E00170:22:H00WVALXX:1:2104:6054:57970	1012820	1012876	56
E00170:22:H00WVALXX:1:2212:19493:28576	1012813	1012881	68
E00170:22:H00WVALXX:1:1111:24700:72685	1012806	1012883	77
E00125:9:H05MEALXX:7:1102:16945:22159	1012814	1012884	70
E00170:22:H00WVALXX:1:2121:10429:53171	1012815	1012885	70
E00125:9:H05MEALXX:7:1121:24862:59042	1012791	1012887	96
E00121:9:H00UWALXX:7:1109:25766:70347	1012840	1012888	48
E00170:22:H00WVALXX:1:2102:17372:64387	1012841	1012889	48
E00125:9:H05MEALXX:7:1119:24121:53470	1012819	1012893	74
E00170:22:H00WVALXX:1:1205:7577:33674	1012827	1012894	67
E00170:22:H00WVALXX:1:1217:31440:43818	1012828	1012895	67
E00125:9:H05MEALXX:7:2114:9688:9413	1012821	1012896	75
E00170:22:H00WVALXX:1:1101:17179:47387	1012824	1012897	73
E00170:22:H00WVALXX:1:1214:30414:33217	1012860	1012899	39
E00125:9:H05MEALXX:7:2215:16844:61117	1012845	1012900	55
E00125:9:H05MEALXX:7:2215:16854:60994	1012846	1012901	55
E00170:22:H00WVALXX:1:2112:14651:43220	1012847	1012902	55
E00170:22:H00WVALXX:1:1124:29694:11189	1012807	1012903	96
E00121:9:H00UWALXX:7:1102:12439:64141	1012776	1012905	129
E00170:22:H00WVALXX:1:1215:27481:41040	1012856	1012906	50
E00170:22:H00WVALXX:1:2218:8521:44838	1012852	1012910	58
E00170:22:H00WVALXX:1:2105:26588:25218	1012854	1012911	57
E00170:22:H00WVALXX:1:1107:11789:56511	1012882	1012921	39
E00121:9:H00UWALXX:7:1113:16275:33938	1012879	1012923	44
E00170:22:H00WVALXX:1:1111:17960:45154	1012835	1012924	89
E00170:22:H00WVALXX:1:1214:12236:5809	1012886	1012927	41
E00170:22:H00WVALXX:1:2118:23695:45558	1012863	1012932	69
E00170:22:H00WVALXX:1:1107:3507:19241	1012898	1012934	36
E00170:22:H00WVALXX:1:1110:27075:14107	1012848	1012935	87
E00170:22:H00WVALXX:1:2117:32302:72316	1012768	1012937	169
E00121:9:H00UWALXX:7:1113:11870:63613	1012859	1012944	85
E00125:9:H05MEALXX:7:2123:8531:29842	1012909	1012948	39
E00170:22:H00WVALXX:1:2108:28354:25288	1012870	1012949	79
E00125:9:H05MEALXX:7:1205:12540:5633	1012861	1012950	89
E00170:22:H00WVALXX:1:1212:20224:48195	1012892	1012954	62
E00125:9:H05MEALXX:7:1117:32779:42552	1012925	1012956	31
E00121:9:H00UWALXX:7:1117:2136:12472	1012891	1012957	66
E00170:22:H00WVALXX:1:1116:24304:8991	1012865	1012958	93
E00121:9:H00UWALXX:7:1113:27522:5423	1012874	1012959	85
E00170:22:H00WVALXX:1:2121:15616:46613	1012871	1012960	89
E00170:22:H00WVALXX:1:1116:32302:3506	1012926	1012961	35
E00121:9:H00UWALXX:7:1112:20315:70364	1012890	1012962	72
E00170:22:H00WVALXX:1:1210:29978:29543	1012904	1012964	60
E00121:9:H00UWALXX:7:1123:16326:39511	1012939	1012967	28
E00170:22:H00WVALXX:1:1116:28212:49936	1012907	1012968	61
E00121:9:H00UWALXX:7:1107:15819:55544	1012877	1012969	92
E00170:22:H00WVALXX:1:1203:25918:23073	1012830	1012973	143
E00170:22:H00WVALXX:1:1221:25948:58708	1012940	1012978	38
E00170:22:H00WVALXX:1:2116:12256:5352	1012928	1012980	52
E00121:9:H00UWALXX:7:1110:12550:6565	1012880	1012981	101
E00170:22:H00WVALXX:1:1115:21898:53311	1012913	1012982	69
E00170:22:H00WVALXX:1:1221:7780:45558	1012853	1012983	130
E00170:22:H00WVALXX:1:1214:27765:6196	1012908	1012984	76
E00121:9:H00UWALXX:7:1111:31216:13615	1012933	1012985	52
E00125:9:H05MEALXX:7:1104:5801:30949	1012930	1012986	56
E00170:22:H00WVALXX:1:1116:21310:62770	1012878	1012988	110
E00121:9:H00UWALXX:7:1103:30435:50305	1012936	1012989	53
E00170:22:H00WVALXX:1:1116:23502:27714	1012920	1012990	70
E00170:22:H00WVALXX:1:2208:12012:57249	1012918	1012991	73
E00170:22:H00WVALXX:1:2208:12043:57267	1012919	1012992	73
E00121:9:H00UWALXX:7:1105:20650:41023	1012929	1012993	64
E00170:22:H00WVALXX:1:1208:30059:63297	1012942	1012994	52
E00170:22:H00WVALXX:1:2204:14042:42658	1012943	1012995	52
E00121:9:H00UWALXX:7:1104:13241:53856	1012912	1012997	85
E00170:22:H00WVALXX:1:1111:21685:67463	1012922	1012998	76
E00170:22:H00WVALXX:1:1108:8206:15355	1012953	1012999	46
E00125:9:H05MEALXX:7:1202:32546:32690	1012955	1013001	46
E00121:9:H00UWALXX:7:1103:4207:19540	1012914	1013003	89
E00170:22:H00WVALXX:1:1220:29602:7444	1012951	1013007	56
E00170:22:H00WVALXX:1:2119:10774:50428	1012947	1013016	69
E00121:9:H00UWALXX:7:1103:22345:25253	1012952	1013017	65
E00170:22:H00WVALXX:1:1117:31115:6970	1012979	1013022	43
E00170:22:H00WVALXX:1:2216:27704:47791	1012946	1013023	77
E00121:9:H00UWALXX:7:1114:28638:34922	1012917	1013024	107
E00170:22:H00WVALXX:1:1103:10622:40038	1012966	1013026	60
E00170:22:H00WVALXX:1:1103:7222:34887	1012975	1013035	60
E00125:9:H05MEALXX:7:2103:26963:7831	1012941	1013037	96
E00170:22:H00WVALXX:1:2210:5659:30105	1012996	1013040	44
E00125:9:H05MEALXX:7:2124:32363:59306	1012915	1013041	126
E00125:9:H05MEALXX:7:1108:19960:46297	1012938	1013043	105
E00170:22:H00WVALXX:1:2221:10754:8728	1012972	1013045	73
E00170:22:H00WVALXX:1:1215:19087:59658	1012931	1013046	115
E00121:9:H00UWALXX:7:1121:7546:18291	1012965	1013047	82
E00125:9:H05MEALXX:7:2219:8663:71735	1012945	1013048	103
E00170:22:H00WVALXX:1:1205:14875:57988	1013000	1013051	51
E00170:22:H00WVALXX:1:1123:22335:33287	1013013	1013053	40
E00121:9:H00UWALXX:7:1101:11261:64949	1013030	1013054	24
E00121:9:H00UWALXX:7:1122:1132:7602	1013031	1013055	24
E00125:9:H05MEALXX:7:2115:28090:57566	1012977	1013056	79
E00170:22:H00WVALXX:1:1204:25583:35467	1013008	1013057	49
E00121:9:H00UWALXX:7:1105:1588:8147	1013011	1013058	47
E00170:22:H00WVALXX:1:1123:6044:43677	1012963	1013059	96
E00170:22:H00WVALXX:1:1104:10541:3049	1012971	1013061	90
E00170:22:H00WVALXX:1:1117:7881:72245	1013004	1013062	58
E00170:22:H00WVALXX:1:2114:9262:39054	1012974	1013064	90
E00170:22:H00WVALXX:1:1209:23949:38825	1013009	1013067	58
E00125:9:H05MEALXX:7:1103:31247:69362	1013012	1013069	57
E00125:9:H05MEALXX:7:2107:9911:51817	1013005	1013070	65
E00170:22:H00WVALXX:1:1212:8998:24497	1013014	1013072	58
E00125:9:H05MEALXX:7:1221:20660:37173	1013038	1013074	36
E00170:22:H00WVALXX:1:1117:32170:56933	1012987	1013075	88
E00121:9:H00UWALXX:7:1102:10703:24216	1013020	1013079	59
E00170:22:H00WVALXX:1:1105:15545:62840	1013028	1013080	52
E00170:22:H00WVALXX:1:1102:24680:2926	1012970	1013081	111
E00125:9:H05MEALXX:7:1111:8602:4438	1013010	1013087	77
E00121:9:H00UWALXX:7:1108:16083:55052	1013039	1013089	50
E00125:9:H05MEALXX:7:1214:21909:61662	1013044	1013090	46
E00170:22:H00WVALXX:1:2115:23472:10855	1013029	1013091	62
E00170:22:H00WVALXX:1:2218:25573:19487	1013036	1013093	57
E00125:9:H05MEALXX:7:1207:23309:65705	1013019	1013095	76
E00170:22:H00WVALXX:1:2214:19351:14828	1013015	1013096	81
E00125:9:H05MEALXX:7:1116:17595:37770	1013025	1013097	72
E00170:22:H00WVALXX:1:1207:11211:58322	1013050	1013103	53
E00170:22:H00WVALXX:1:1204:27917:45664	1013027	1013104	77
E00125:9:H05MEALXX:7:2212:13220:20383	1012976	1013108	132
E00170:22:H00WVALXX:1:1211:5486:37401	1013034	1013109	75
E00170:22:H00WVALXX:1:2120:5344:37893	1013032	1013112	80
E00170:22:H00WVALXX:1:1102:11749:66391	1013006	1013114	108
E00170:22:H00WVALXX:1:1114:31470:18309	1013018	1013117	99
E00170:22:H00WVALXX:1:2111:14489:55315	1013065	1013120	55
E00121:9:H00UWALXX:7:1118:13758:22651	1013042	1013121	79
E00121:9:H00UWALXX:7:1118:5374:21772	1013076	1013122	46
E00170:22:H00WVALXX:1:1209:28872:51290	1013077	1013123	46
E00170:22:H00WVALXX:1:1211:17940:71630	1013052	1013129	77
E00170:22:H00WVALXX:1:1206:20112:37489	1013033	1013136	103
E00125:9:H05MEALXX:7:2106:16123:6847	1013086	1013137	51
E00170:22:H00WVALXX:1:1205:8034:44978	1013073	1013141	68
E00125:9:H05MEALXX:7:1108:19402:25710	1013107	1013142	35
E00170:22:H00WVALXX:1:1105:19564:28945	1013088	1013149	61
E00170:22:H00WVALXX:1:1214:22934:51413	1013002	1013150	148
E00170:22:H00WVALXX:1:2110:17696:47334	1013094	1013151	57
E00170:22:H00WVALXX:1:1107:4451:53716	1013084	1013155	71
E00170:22:H00WVALXX:1:2123:7171:22809	1013085	1013156	71
E00170:22:H00WVALXX:1:1223:10388:40829	1013078	1013159	81
E00170:22:H00WVALXX:1:2211:9049:52960	1013098	1013160	62
E00170:22:H00WVALXX:1:2102:31429:51641	1013092	1013161	69
E00170:22:H00WVALXX:1:1105:3527:63543	1013066	1013162	96
E00125:9:H05MEALXX:7:1117:17280:2698	1013060	1013166	106
E00170:22:H00WVALXX:1:1216:9475:28277	1013105	1013168	63
E00125:9:H05MEALXX:7:2212:17382:20770	1013082	1013169	87
E00125:9:H05MEALXX:7:2205:7262:61187	1013118	1013170	52
E00170:22:H00WVALXX:1:1112:9658:14002	1013119	1013171	52
E00170:22:H00WVALXX:1:1116:29876:42974	1013068	1013173	105
E00125:9:H05MEALXX:7:2215:19463:58621	1013021	1013174	153
E00170:22:H00WVALXX:1:1113:16397:49373	1013063	1013175	112
E00121:9:H00UWALXX:7:1101:12347:58462	1013099	1013176	77
E00170:22:H00WVALXX:1:2116:2999:24515	1013100	1013177	77
E00170:22:H00WVALXX:1:2204:16712:19821	1013049	1013181	132
E00170:22:H00WVALXX:1:2218:9231:69907	1013071	1013182	111
E00121:9:H00UWALXX:7:1111:5638:67270	1013132	1013188	56
E00125:9:H05MEALXX:7:1209:10226:19135	1013110	1013199	89
E00121:9:H00UWALXX:7:1113:6856:69274	1013106	1013200	94
E00121:9:H00UWALXX:7:1122:1385:14125	1013128	1013201	73
E00121:9:H00UWALXX:7:1112:1761:23319	1013203	1013204	1
E00170:22:H00WVALXX:1:1112:31734:25482	1013146	1013206	60
E00125:9:H05MEALXX:7:2221:8866:26273	1013115	1013207	92
E00121:9:H00UWALXX:7:1113:7211:69468	1013101	1013209	108
E00121:9:H00UWALXX:7:1118:26852:56476	1013102	1013210	108
E00125:9:H05MEALXX:7:2209:24497:24128	1013153	1013211	58
E00170:22:H00WVALXX:1:1116:28770:52731	1013154	1013212	58
E00125:9:H05MEALXX:7:1115:25197:7339	1013191	1013213	22
E00170:22:H00WVALXX:1:2112:21716:71595	1013192	1013214	22
E00170:22:H00WVALXX:1:2112:21838:71560	1013193	1013215	22
E00170:22:H00WVALXX:1:2112:21929:71401	1013194	1013216	22
E00170:22:H00WVALXX:1:2101:24903:65090	1013131	1013218	87
E00170:22:H00WVALXX:1:1123:7364:11822	1013124	1013219	95
E00170:22:H00WVALXX:1:1207:23685:27925	1013143	1013220	77
E00170:22:H00WVALXX:1:2103:13494:42095	1013144	1013221	77
E00170:22:H00WVALXX:1:1107:10764:62963	1013138	1013225	87
E00170:22:H00WVALXX:1:1207:24030:36926	1013139	1013226	87
E00170:22:H00WVALXX:1:1222:24385:72562	1013140	1013227	87
E00170:22:H00WVALXX:1:2111:18722:40777	1013111	1013233	122
E00170:22:H00WVALXX:1:2124:6339:65494	1013172	1013235	63
E00170:22:H00WVALXX:1:2101:24213:5880	1013163	1013237	74
E00170:22:H00WVALXX:1:2208:13697:56546	1013147	1013241	94
E00170:22:H00WVALXX:1:1216:29257:58287	1013116	1013242	126
E00125:9:H05MEALXX:7:2207:7861:12015	1013083	1013243	160
E00125:9:H05MEALXX:7:1115:21584:18168	1013167	1013245	78
E00170:22:H00WVALXX:1:2119:24294:29965	1013157	1013252	95
E00170:22:H00WVALXX:1:2211:22173:37964	1013158	1013253	95
E00170:22:H00WVALXX:1:1105:20061:54419	1013113	1013254	141
E00170:22:H00WVALXX:1:2223:5070:16955	1013189	1013255	66
E00125:9:H05MEALXX:7:2216:21807:21579	1013130	1013256	126
E00121:9:H00UWALXX:7:1121:7902:17360	1013133	1013258	125
E00125:9:H05MEALXX:7:2104:10216:7374	1013148	1013260	112
E00170:22:H00WVALXX:1:2123:3588:71876	1013178	1013261	83
E00125:9:H05MEALXX:7:1206:9607:12683	1013134	1013264	130
E00170:22:H00WVALXX:1:2102:29582:10820	1013135	1013265	130
E00121:9:H00UWALXX:7:1112:1862:26624	1013185	1013266	81
E00121:9:H00UWALXX:7:1103:2482:36803	1013127	1013267	140
E00121:9:H00UWALXX:7:1116:9932:63525	1013186	1013269	83
E00170:22:H00WVALXX:1:2114:26994:60097	1013217	1013274	57
E00170:22:H00WVALXX:1:1104:13149:34957	1013164	1013275	111
E00170:22:H00WVALXX:1:1211:12520:54753	1013197	1013276	79
E00121:9:H00UWALXX:7:1201:17778:16147	1013125	1013278	153
E00170:22:H00WVALXX:1:1114:18194:68167	1013232	1013281	49
E00170:22:H00WVALXX:1:2116:21523:59693	1013165	1013282	117
E00125:9:H05MEALXX:7:1208:15128:20981	1013152	1013284	132
E00170:22:H00WVALXX:1:1214:26192:22809	1013198	1013286	88
E00125:9:H05MEALXX:7:1203:3162:54788	1013145	1013288	143
E00125:9:H05MEALXX:7:2104:10977:38790	1013187	1013289	102
E00170:22:H00WVALXX:1:2107:4481:66954	1013180	1013290	110
E00170:22:H00WVALXX:1:2214:16286:47563	1013247	1013292	45
E00170:22:H00WVALXX:1:2214:16296:47475	1013248	1013293	45
E00170:22:H00WVALXX:1:2214:16296:47580	1013249	1013294	45
E00125:9:H05MEALXX:7:1203:26314:60361	1013222	1013295	73
E00170:22:H00WVALXX:1:2104:6846:56036	1013126	1013296	170
E00170:22:H00WVALXX:1:1121:7881:34694	1013202	1013297	95
E00170:22:H00WVALXX:1:2207:29531:44134	1013183	1013300	117
E00125:9:H05MEALXX:7:1202:19087:49532	1013205	1013304	99
E00170:22:H00WVALXX:1:1206:7059:30914	1013231	1013306	75
E00170:22:H00WVALXX:1:2222:12002:69538	1013179	1013307	128
E00170:22:H00WVALXX:1:1108:14550:9571	1013190	1013311	121
E00170:22:H00WVALXX:1:1120:16377:43466	1013312	1013317	5
E00170:22:H00WVALXX:1:1120:16418:43396	1013313	1013318	5
E00170:22:H00WVALXX:1:1124:6937:42165	1013314	1013319	5
E00170:22:H00WVALXX:1:1124:6948:42183	1013315	1013320	5
E00170:22:H00WVALXX:1:1124:7222:42130	1013316	1013321	5
E00170:22:H00WVALXX:1:2202:28872:29420	1013184	1013322	138
E00121:9:H00UWALXX:7:1102:15443:57249	1013262	1013327	65
E00125:9:H05MEALXX:7:2106:3537:53434	1013238	1013328	90
E00121:9:H00UWALXX:7:1201:30617:18801	1013272	1013329	57
E00121:9:H00UWALXX:7:1201:30678:18766	1013273	1013330	57
E00170:22:H00WVALXX:1:1111:28232:42869	1013230	1013331	101
E00125:9:H05MEALXX:7:2106:4349:57337	1013270	1013332	62
E00125:9:H05MEALXX:7:2111:15697:34061	1013271	1013333	62
E00170:22:H00WVALXX:1:2206:4501:3102	1013223	1013334	111
E00170:22:H00WVALXX:1:2103:16154:43959	1013224	1013335	111
E00121:9:H00UWALXX:7:1112:6196:31564	1013299	1013337	38
E00121:9:H00UWALXX:7:1109:18914:8798	1013244	1013338	94
E00121:9:H00UWALXX:7:1106:22792:22440	1013246	1013340	94
E00125:9:H05MEALXX:7:2224:3933:28312	1013279	1013342	63
E00170:22:H00WVALXX:1:1113:11028:32619	1013259	1013343	84
E00125:9:H05MEALXX:7:2115:30049:45453	1013240	1013346	106
E00170:22:H00WVALXX:1:1223:32120:69503	1013236	1013347	111
E00170:22:H00WVALXX:1:2112:17707:32479	1013239	1013349	110
E00170:22:H00WVALXX:1:2222:4481:15900	1013285	1013351	66
E00170:22:H00WVALXX:1:1120:23543:17764	1013298	1013354	56
E00170:22:H00WVALXX:1:1222:32211:48529	1013263	1013358	95
E00125:9:H05MEALXX:7:2109:20112:50780	1013250	1013359	109
E00170:22:H00WVALXX:1:2214:16062:32619	1013251	1013360	109
E00125:9:H05MEALXX:7:2214:22629:69872	1013234	1013362	128
E00121:9:H00UWALXX:7:1106:30638:24778	1013324	1013363	39
E00121:9:H00UWALXX:7:1122:15849:61680	1013325	1013364	39
E00170:22:H00WVALXX:1:1216:12500:32250	1013326	1013365	39
E00121:9:H00UWALXX:7:1103:18732:47475	1013228	1013366	138
E00170:22:H00WVALXX:1:2211:8582:63789	1013229	1013367	138
E00170:22:H00WVALXX:1:2209:28841:46349	1013195	1013374	179
E00170:22:H00WVALXX:1:2114:25258:64369	1013268	1013376	108
E00170:22:H00WVALXX:1:1103:28547:25411	1013302	1013377	75
E00170:22:H00WVALXX:1:1203:25634:20577	1013303	1013378	75
E00170:22:H00WVALXX:1:2216:19513:28752	1013283	1013381	98
E00170:22:H00WVALXX:1:1101:16286:2135	1013310	1013383	73
E00125:9:H05MEALXX:7:1222:30506:37665	1013196	1013385	189
E00170:22:H00WVALXX:1:1118:9982:67516	1013257	1013387	130
E00170:22:H00WVALXX:1:2219:20741:49830	1013305	1013390	85
E00170:22:H00WVALXX:1:1119:18326:57003	1013323	1013393	70
E00170:22:H00WVALXX:1:1204:28740:8587	1013208	1013394	186
E00121:9:H00UWALXX:7:2101:18011:59939	1013353	1013395	42
E00121:9:H00UWALXX:7:1113:16133:6302	1013345	1013399	54
E00125:9:H05MEALXX:7:1119:3710:34149	1013291	1013400	109
E00170:22:H00WVALXX:1:1120:22842:9905	1013336	1013401	65
E00125:9:H05MEALXX:7:1119:5902:27011	1013301	1013406	105
E00170:22:H00WVALXX:1:2112:27187:61310	1013309	1013407	98
E00121:9:H00UWALXX:7:1114:1050:20823	1013373	1013408	35
E00121:9:H00UWALXX:7:1123:20944:20260	1013308	1013410	102
E00170:22:H00WVALXX:1:2221:2512:60343	1013369	1013413	44
E00170:22:H00WVALXX:1:2221:2583:60291	1013370	1013414	44
E00170:22:H00WVALXX:1:1115:27136:22686	1013350	1013417	67
E00121:9:H00UWALXX:7:1116:26476:36135	1013277	1013418	141
E00170:22:H00WVALXX:1:2216:21147:27855	1013344	1013419	75
E00170:22:H00WVALXX:1:1108:3649:4930	1013371	1013420	49
E00170:22:H00WVALXX:1:1217:21452:34641	1013339	1013422	83
E00125:9:H05MEALXX:7:2220:27583:34500	1013415	1013423	8
E00170:22:H00WVALXX:1:1117:16966:29332	1013416	1013424	8
E00170:22:H00WVALXX:1:1116:17767:5335	1013357	1013425	68
E00170:22:H00WVALXX:1:2119:23147:27978	1013348	1013426	78
E00170:22:H00WVALXX:1:2222:15575:11769	1013287	1013427	140
E00121:9:H00UWALXX:7:1201:29846:61381	1013280	1013428	148
E00170:22:H00WVALXX:1:2106:2888:72069	1013361	1013431	70
E00170:22:H00WVALXX:1:1119:11830:43431	1013386	1013434	48
E00170:22:H00WVALXX:1:2110:16976:50973	1013379	1013438	59
E00170:22:H00WVALXX:1:1119:5983:43501	1013437	1013439	2
E00121:9:H00UWALXX:7:1122:3943:19188	1013368	1013440	72
E00170:22:H00WVALXX:1:2119:21188:42798	1013384	1013441	57
E00170:22:H00WVALXX:1:1210:12581:66848	1013397	1013449	52
E00170:22:H00WVALXX:1:1103:6389:43853	1013409	1013450	41
E00121:9:H00UWALXX:7:1103:6745:13386	1013412	1013451	39
E00170:22:H00WVALXX:1:2112:16773:63068	1013380	1013453	73
E00125:9:H05MEALXX:7:2118:19442:50674	1013382	1013456	74
E00121:9:H00UWALXX:7:1101:8105:52063	1013341	1013457	116
E00170:22:H00WVALXX:1:2217:12875:5827	1013356	1013458	102
E00121:9:H00UWALXX:7:1123:26233:26747	1013405	1013461	56
E00170:22:H00WVALXX:1:1212:4552:39827	1013391	1013469	78
E00125:9:H05MEALXX:7:1120:6816:23636	1013403	1013470	67
E00170:22:H00WVALXX:1:1119:15220:60554	1013404	1013471	67
E00170:22:H00WVALXX:1:2205:10997:22897	1013375	1013472	97
E00170:22:H00WVALXX:1:2105:2055:57408	1013388	1013473	85
E00170:22:H00WVALXX:1:2223:3872:6794	1013355	1013474	119
E00170:22:H00WVALXX:1:1111:21939:22897	1013372	1013475	103
E00170:22:H00WVALXX:1:1123:29410:27820	1013411	1013483	72
E00121:9:H00UWALXX:7:2101:24527:66409	1013392	1013486	94
E00121:9:H00UWALXX:7:1119:7455:68518	1013479	1013488	9
E00125:9:H05MEALXX:7:2116:17341:60291	1013480	1013489	9
E00170:22:H00WVALXX:1:1118:8115:51307	1013455	1013491	36
E00121:9:H00UWALXX:7:1120:11140:18326	1013465	1013492	27
E00121:9:H00UWALXX:7:1123:28110:67973	1013421	1013493	72
E00121:9:H00UWALXX:7:1109:16215:68184	1013352	1013494	142
E00125:9:H05MEALXX:7:1203:2055:56071	1013389	1013495	106
E00170:22:H00WVALXX:1:1114:26060:41532	1013402	1013496	94
E00170:22:H00WVALXX:1:1105:26720:65987	1013430	1013497	67
E00170:22:H00WVALXX:1:1114:23117:35977	1013442	1013498	56
E00170:22:H00WVALXX:1:1220:32272:7427	1013443	1013499	56
E00170:22:H00WVALXX:1:2114:23106:38104	1013444	1013500	56
E00170:22:H00WVALXX:1:2221:6876:15654	1013448	1013501	53
E00121:9:H00UWALXX:7:1111:9038:3858	1013454	1013506	52
E00170:22:H00WVALXX:1:2110:14245:67938	1013464	1013507	43
E00121:9:H00UWALXX:7:1111:31896:3260	1013452	1013509	57
E00170:22:H00WVALXX:1:2111:8764:46068	1013476	1013510	34
E00121:9:H00UWALXX:7:1111:31764:28910	1013436	1013511	75
E00170:22:H00WVALXX:1:1106:22568:17201	1013433	1013513	80
E00121:9:H00UWALXX:7:1118:8247:51536	1013396	1013515	119
E00125:9:H05MEALXX:7:2119:3943:49707	1013466	1013519	53
E00170:22:H00WVALXX:1:1117:12073:47756	1013467	1013520	53
E00170:22:H00WVALXX:1:2112:12489:48055	1013459	1013521	62
E00170:22:H00WVALXX:1:1220:21624:10960	1013398	1013529	131
E00170:22:H00WVALXX:1:2122:11617:59658	1013429	1013530	101
E00170:22:H00WVALXX:1:1221:5933:60080	1013432	1013531	99
E00125:9:H05MEALXX:7:1211:17240:12472	1013445	1013537	92
E00125:9:H05MEALXX:7:2107:13220:8464	1013503	1013539	36
E00121:9:H00UWALXX:7:1122:10317:36381	1013481	1013540	59
E00125:9:H05MEALXX:7:1224:8714:53645	1013447	1013543	96
E00125:9:H05MEALXX:7:1224:8693:53610	1013446	1013544	98
E00170:22:H00WVALXX:1:2224:13586:57021	1013484	1013549	65
E00121:9:H00UWALXX:7:1116:8704:69766	1013463	1013550	87
E00170:22:H00WVALXX:1:2213:7130:30053	1013460	1013551	91
E00125:9:H05MEALXX:7:1210:10855:1274	1013477	1013552	75
E00125:9:H05MEALXX:7:2122:30425:66497	1013462	1013553	91
E00121:9:H00UWALXX:7:1108:21452:27820	1013505	1013555	50
E00125:9:H05MEALXX:7:1107:17290:52186	1013502	1013556	54
E00170:22:H00WVALXX:1:1113:1680:12419	1013435	1013557	122
E00170:22:H00WVALXX:1:1116:15859:18274	1013485	1013558	73
E00170:22:H00WVALXX:1:2119:4238:71876	1013482	1013563	81
E00170:22:H00WVALXX:1:2207:5912:31178	1013468	1013565	97
E00170:22:H00WVALXX:1:1112:28120:10046	1013516	1013566	50
E00170:22:H00WVALXX:1:2114:10754:14670	1013517	1013567	50
E00170:22:H00WVALXX:1:1114:15392:11101	1013487	1013569	82
E00125:9:H05MEALXX:7:1205:13921:51975	1013547	1013576	29
E00125:9:H05MEALXX:7:2218:22315:69221	1013525	1013577	52
E00170:22:H00WVALXX:1:1116:14753:55702	1013478	1013579	101
E00125:9:H05MEALXX:7:1118:18133:64158	1013542	1013580	38
E00170:22:H00WVALXX:1:1103:4034:67587	1013522	1013581	59
E00170:22:H00WVALXX:1:2106:5861:22757	1013523	1013582	59
E00170:22:H00WVALXX:1:2102:4918:23864	1013490	1013583	93
E00121:9:H00UWALXX:7:1120:14743:42499	1013541	1013586	45
E00170:22:H00WVALXX:1:1203:29491:52538	1013512	1013589	77
E00170:22:H00WVALXX:1:1123:9201:2487	1013518	1013593	75
E00170:22:H00WVALXX:1:2103:6471:65547	1013591	1013594	3
E00170:22:H00WVALXX:1:1106:12317:5212	1013527	1013599	72
E00170:22:H00WVALXX:1:1112:18082:10240	1013528	1013600	72
E00125:9:H05MEALXX:7:2208:15768:35766	1013534	1013601	67
E00170:22:H00WVALXX:1:2102:18316:64686	1013535	1013602	67
E00170:22:H00WVALXX:1:1102:15382:48389	1013508	1013604	96
E00121:9:H00UWALXX:7:2101:4836:60924	1013561	1013605	44
E00121:9:H00UWALXX:7:1124:16986:72790	1013532	1013614	82
E00125:9:H05MEALXX:7:1120:31145:28330	1013559	1013616	57
E00125:9:H05MEALXX:7:2202:10033:21930	1013538	1013619	81
E00121:9:H00UWALXX:7:1115:2959:38157	1013554	1013622	68
E00170:22:H00WVALXX:1:2210:13809:41831	1013504	1013628	124
E00170:22:H00WVALXX:1:2207:13281:8007	1013572	1013629	57
E00170:22:H00WVALXX:1:2216:21107:62277	1013533	1013630	97
E00121:9:H00UWALXX:7:2101:19432:10398	1013596	1013631	35
E00121:9:H00UWALXX:7:2101:19503:11048	1013597	1013632	35
E00125:9:H05MEALXX:7:2204:17656:18362	1013545	1013633	88
E00170:22:H00WVALXX:1:1111:7638:37858	1013546	1013634	88
E00170:22:H00WVALXX:1:1119:22680:53575	1013514	1013637	123
E00170:22:H00WVALXX:1:1216:15514:26255	1013610	1013638	28
E00170:22:H00WVALXX:1:2205:25613:34149	1013611	1013639	28
E00170:22:H00WVALXX:1:2205:25624:33991	1013612	1013640	28
E00170:22:H00WVALXX:1:2205:25674:33973	1013613	1013641	28
E00125:9:H05MEALXX:7:1111:13170:42833	1013564	1013643	79
E00170:22:H00WVALXX:1:1204:26811:34219	1013562	1013645	83
E00170:22:H00WVALXX:1:1204:18234:30896	1013524	1013646	122
E00125:9:H05MEALXX:7:2221:8501:27011	1013560	1013647	87
E00170:22:H00WVALXX:1:2119:21665:8394	1013536	1013649	113
E00170:22:H00WVALXX:1:1211:17778:45154	1013548	1013651	103
E00125:9:H05MEALXX:7:1114:6399:3963	1013574	1013652	78
E00170:22:H00WVALXX:1:2116:17087:27046	1013526	1013653	127
E00125:9:H05MEALXX:7:1118:2573:3840	1013573	1013655	82
E00170:22:H00WVALXX:1:1219:16570:61627	1013609	1013656	47
E00170:22:H00WVALXX:1:2220:28669:10503	1013568	1013660	92
E00170:22:H00WVALXX:1:1211:19858:15707	1013587	1013661	74
E00170:22:H00WVALXX:1:2219:15271:70206	1013588	1013663	75
E00170:22:H00WVALXX:1:1121:17625:42605	1013585	1013664	79
E00125:9:H05MEALXX:7:1212:24101:22563	1013624	1013666	42
E00125:9:H05MEALXX:7:1121:14783:52696	1013570	1013667	97
E00170:22:H00WVALXX:1:1113:6227:63895	1013584	1013670	86
E00125:9:H05MEALXX:7:2120:28719:67059	1013575	1013675	100
E00121:9:H00UWALXX:7:1106:1801:37876	1013571	1013676	105
E00121:9:H00UWALXX:7:1119:19320:54120	1013606	1013677	71
E00170:22:H00WVALXX:1:2121:18255:24216	1013621	1013678	57
E00125:9:H05MEALXX:7:2114:32708:54138	1013578	1013679	101
E00121:9:H00UWALXX:7:1108:12784:32426	1013592	1013682	90
E00170:22:H00WVALXX:1:1124:24324:8675	1013590	1013683	93
E00121:9:H00UWALXX:7:1105:6369:53206	1013620	1013685	65
E00170:22:H00WVALXX:1:1109:9444:40987	1013648	1013687	39
E00125:9:H05MEALXX:7:2110:27440:10064	1013669	1013688	19
E00125:9:H05MEALXX:7:2101:18458:54278	1013617	1013692	75
E00170:22:H00WVALXX:1:2201:6176:40812	1013618	1013693	75
E00121:9:H00UWALXX:7:1107:25928:32127	1013635	1013695	60
E00170:22:H00WVALXX:1:2209:12286:42288	1013608	1013696	88
E00170:22:H00WVALXX:1:1214:14347:11119	1013650	1013697	47
E00125:9:H05MEALXX:7:1110:11211:29314	1013598	1013699	101
E00121:9:H00UWALXX:7:1122:30140:7884	1013636	1013700	64
E00170:22:H00WVALXX:1:2104:12733:32162	1013595	1013701	106
E00121:9:H00UWALXX:7:1105:16296:72017	1013665	1013704	39
E00125:9:H05MEALXX:7:2217:17757:37559	1013615	1013705	90
E00170:22:H00WVALXX:1:1221:31856:48723	1013627	1013706	79
E00170:22:H00WVALXX:1:2222:15352:54806	1013603	1013709	106
E00170:22:H00WVALXX:1:1202:10612:68712	1013672	1013710	38
E00170:22:H00WVALXX:1:1202:10642:68694	1013673	1013711	38
E00121:9:H00UWALXX:7:1102:12591:17008	1013657	1013714	57
E00170:22:H00WVALXX:1:1224:21269:16850	1013658	1013718	60
E00170:22:H00WVALXX:1:1112:31257:56441	1013694	1013719	25
E00170:22:H00WVALXX:1:1118:14499:47316	1013623	1013720	97
E00125:9:H05MEALXX:7:1118:26710:40056	1013625	1013721	96
E00125:9:H05MEALXX:7:2112:24578:62594	1013626	1013722	96
E00121:9:H00UWALXX:7:1123:8785:72720	1013674	1013729	55
E00170:22:H00WVALXX:1:1122:25624:67463	1013607	1013732	125
E00170:22:H00WVALXX:1:2214:28811:43167	1013668	1013733	65
E00170:22:H00WVALXX:1:1110:14834:16076	1013642	1013736	94
E00170:22:H00WVALXX:1:1114:12297:71806	1013659	1013737	78
E00121:9:H00UWALXX:7:1120:5192:5247	1013728	1013743	15
E00121:9:H00UWALXX:7:1107:30668:72298	1013680	1013744	64
E00121:9:H00UWALXX:7:1123:26395:39089	1013681	1013745	64
E00170:22:H00WVALXX:1:2103:31084:24357	1013662	1013747	85
E00170:22:H00WVALXX:1:1104:23817:38526	1013671	1013748	77
E00121:9:H00UWALXX:7:1122:26121:60449	1013702	1013751	49
E00170:22:H00WVALXX:1:2212:27156:20928	1013703	1013752	49
E00170:22:H00WVALXX:1:1117:9333:15021	1013654	1013756	102
E00170:22:H00WVALXX:1:2208:32140:12226	1013644	1013770	126
E00121:9:H00UWALXX:7:1103:30962:66514	1013738	1013771	33
E00170:22:H00WVALXX:1:1212:28516:22862	1013739	1013772	33
E00170:22:H00WVALXX:1:2103:18823:60185	1013698	1013776	78
E00170:22:H00WVALXX:1:1209:22345:41462	1013686	1013779	93
E00121:9:H00UWALXX:7:1201:30587:47721	1013782	1013783	1
E00121:9:H00UWALXX:7:1118:7486:30035	1013689	1013785	96
E00170:22:H00WVALXX:1:1105:14722:21966	1013690	1013786	96
E00170:22:H00WVALXX:1:2109:6552:31160	1013691	1013787	96
E00125:9:H05MEALXX:7:2118:13342:50164	1013707	1013788	81
E00121:9:H00UWALXX:7:1115:15403:33727	1013684	1013790	106
E00170:22:H00WVALXX:1:1214:8825:46877	1013731	1013791	60
E00170:22:H00WVALXX:1:2116:32698:59992	1013712	1013792	80
E00170:22:H00WVALXX:1:1110:20244:34905	1013726	1013798	72
E00170:22:H00WVALXX:1:2207:8673:47703	1013727	1013799	72
E00125:9:H05MEALXX:7:1117:27278:6477	1013750	1013801	51
E00125:9:H05MEALXX:7:2206:14103:36223	1013717	1013802	85
E00170:22:H00WVALXX:1:2203:23137:28945	1013713	1013808	95
E00170:22:H00WVALXX:1:2201:16448:7866	1013735	1013810	75
E00170:22:H00WVALXX:1:1211:25563:21192	1013757	1013811	54
E00170:22:H00WVALXX:1:1219:6237:45488	1013765	1013813	48
E00170:22:H00WVALXX:1:1104:25116:3999	1013753	1013814	61
E00121:9:H00UWALXX:7:1113:25431:18713	1013764	1013817	53
E00170:22:H00WVALXX:1:1224:29765:54841	1013723	1013820	97
E00170:22:H00WVALXX:1:2103:21635:9466	1013758	1013821	63
E00170:22:H00WVALXX:1:2214:13586:39722	1013715	1013823	108
E00170:22:H00WVALXX:1:2203:19990:68571	1013766	1013824	58
E00125:9:H05MEALXX:7:2217:25075:50446	1013778	1013825	47
E00121:9:H00UWALXX:7:1112:28557:67903	1013716	1013827	111
E00121:9:H00UWALXX:7:1120:16489:15355	1013725	1013828	103
E00125:9:H05MEALXX:7:1213:24598:48389	1013741	1013829	88
E00170:22:H00WVALXX:1:2219:2989:59377	1013777	1013833	56
E00170:22:H00WVALXX:1:1213:25827:26501	1013763	1013834	71
E00170:22:H00WVALXX:1:1106:28120:14863	1013761	1013835	74
E00170:22:H00WVALXX:1:2104:31084:68800	1013762	1013836	74
E00170:22:H00WVALXX:1:1123:27248:50868	1013754	1013837	83
E00170:22:H00WVALXX:1:1123:27258:50850	1013755	1013838	83
E00170:22:H00WVALXX:1:2120:13515:2328	1013780	1013842	62
E00121:9:H00UWALXX:7:1109:18671:66356	1013768	1013847	79
E00170:22:H00WVALXX:1:1110:10652:9150	1013734	1013850	116
E00121:9:H00UWALXX:7:1117:31033:48635	1013742	1013851	109
E00125:9:H05MEALXX:7:2207:10734:11224	1013749	1013852	103
E00170:22:H00WVALXX:1:1203:13626:44996	1013775	1013853	78
E00121:9:H00UWALXX:7:1113:4725:21632	1013769	1013855	86
E00170:22:H00WVALXX:1:2211:15768:44943	1013796	1013857	61
E00125:9:H05MEALXX:7:1217:22812:71384	1013800	1013858	58
E00125:9:H05MEALXX:7:2103:6521:7057	1013724	1013859	135
E00121:9:H00UWALXX:7:1116:27248:7128	1013759	1013860	101
E00170:22:H00WVALXX:1:1115:11769:37735	1013746	1013861	115
E00170:22:H00WVALXX:1:2212:14174:71648	1013781	1013862	81
E00170:22:H00WVALXX:1:2112:23705:18784	1013760	1013866	106
E00125:9:H05MEALXX:7:1209:6034:69643	1013784	1013868	84
E00170:22:H00WVALXX:1:1123:24497:47369	1013793	1013869	76
E00170:22:H00WVALXX:1:2224:18691:3102	1013708	1013870	162
E00170:22:H00WVALXX:1:1215:7780:30088	1013789	1013874	85
E00125:9:H05MEALXX:7:1119:17199:68272	1013803	1013875	72
E00125:9:H05MEALXX:7:1119:17240:68237	1013804	1013876	72
E00125:9:H05MEALXX:7:2209:25684:35784	1013806	1013877	71
E00125:9:H05MEALXX:7:2102:11688:17518	1013805	1013878	73
E00170:22:H00WVALXX:1:1208:21290:2223	1013807	1013879	72
E00121:9:H00UWALXX:7:1112:20427:36839	1013815	1013882	67
E00170:22:H00WVALXX:1:2222:12885:1731	1013816	1013883	67
E00125:9:H05MEALXX:7:2107:25512:22300	1013854	1013884	30
E00170:22:H00WVALXX:1:1112:17098:4139	1013740	1013885	145
E00170:22:H00WVALXX:1:2108:3994:30879	1013773	1013886	113
E00170:22:H00WVALXX:1:2110:22944:1361	1013818	1013887	69
E00170:22:H00WVALXX:1:1124:11779:32303	1013730	1013888	158
E00121:9:H00UWALXX:7:1122:5212:17975	1013822	1013895	73
E00121:9:H00UWALXX:7:1124:22315:45523	1013767	1013902	135
E00125:9:H05MEALXX:7:2224:6146:31055	1013881	1013904	23
E00170:22:H00WVALXX:1:2118:20924:67622	1013795	1013905	110
E00170:22:H00WVALXX:1:2224:30475:45242	1013797	1013912	115
E00170:22:H00WVALXX:1:1215:13565:52274	1013774	1013918	144
E00125:9:H05MEALXX:7:1109:1832:26326	1013830	1013920	90
E00170:22:H00WVALXX:1:2209:32536:70294	1013826	1013925	99
E00170:22:H00WVALXX:1:1220:29501:59623	1013871	1013927	56
E00170:22:H00WVALXX:1:2107:30384:49408	1013893	1013928	35
E00170:22:H00WVALXX:1:2223:31419:27820	1013832	1013930	98
E00170:22:H00WVALXX:1:1218:21147:14635	1013812	1013931	119
E00170:22:H00WVALXX:1:2219:13728:17149	1013848	1013932	84
E00170:22:H00WVALXX:1:2110:14438:16445	1013819	1013936	117
E00170:22:H00WVALXX:1:1117:8907:14670	1013831	1013938	107
E00170:22:H00WVALXX:1:1117:27836:70276	1013856	1013939	83
E00170:22:H00WVALXX:1:1102:11393:13386	1013843	1013941	98
E00170:22:H00WVALXX:1:1107:27613:13386	1013916	1013942	26
E00170:22:H00WVALXX:1:1214:22406:27363	1013903	1013943	40
E00121:9:H00UWALXX:7:1121:25674:44556	1013840	1013944	104
E00170:22:H00WVALXX:1:1215:30851:13791	1013849	1013945	96
E00170:22:H00WVALXX:1:1205:22538:57302	1013894	1013947	53
E00121:9:H00UWALXX:7:1105:22091:13281	1013864	1013948	84
E00121:9:H00UWALXX:7:1105:22102:13263	1013865	1013949	84
E00170:22:H00WVALXX:1:2116:16834:56107	1013845	1013950	105
E00170:22:H00WVALXX:1:1214:16631:8991	1013880	1013952	72
E00170:22:H00WVALXX:1:2222:30719:36522	1013846	1013953	107
E00170:22:H00WVALXX:1:2107:30465:52256	1013896	1013954	58
E00125:9:H05MEALXX:7:2211:7374:24462	1013889	1013957	68
E00170:22:H00WVALXX:1:2206:4014:40372	1013809	1013958	149
E00121:9:H00UWALXX:7:1118:31338:66813	1013899	1013959	60
E00170:22:H00WVALXX:1:1205:30008:18450	1013900	1013960	60
E00170:22:H00WVALXX:1:1106:15271:2627	1013901	1013962	61
E00170:22:H00WVALXX:1:2215:24923:1660	1013873	1013966	93
E00121:9:H00UWALXX:7:1107:8886:57671	1013844	1013967	123
E00170:22:H00WVALXX:1:1209:4491:67639	1013908	1013969	61
E00125:9:H05MEALXX:7:2208:21229:20471	1013839	1013980	141
E00170:22:H00WVALXX:1:1201:19544:54155	1013841	1013982	141
E00125:9:H05MEALXX:7:2224:24974:53786	1013891	1013984	93
E00170:22:H00WVALXX:1:1102:26730:39177	1013907	1013990	83
E00125:9:H05MEALXX:7:1218:28618:15232	1013892	1013994	102
E00170:22:H00WVALXX:1:2105:14783:46930	1013910	1013995	85
E00125:9:H05MEALXX:7:2103:12581:23108	1013940	1013996	56
E00170:22:H00WVALXX:1:2217:19188:51852	1013794	1013997	203
E00121:9:H00UWALXX:7:1116:6420:17922	1013926	1013999	73
E00170:22:H00WVALXX:1:1214:7354:5194	1013913	1014001	88
E00121:9:H00UWALXX:7:1108:14946:49778	1013915	1014002	87
E00121:9:H00UWALXX:7:1108:13687:7901	1013921	1014003	82
E00121:9:H00UWALXX:7:1112:9668:62435	1013923	1014005	82
E00125:9:H05MEALXX:7:2107:7486:47861	1013929	1014006	77
E00125:9:H05MEALXX:7:2123:25370:34782	1013906	1014007	101
E00121:9:H00UWALXX:7:1104:23177:21280	1013863	1014011	148
E00125:9:H05MEALXX:7:2105:22325:15584	1013909	1014012	103
E00121:9:H00UWALXX:7:2101:25157:21825	1013897	1014013	116
E00170:22:H00WVALXX:1:1116:4603:38649	1013898	1014014	116
E00170:22:H00WVALXX:1:2207:28516:39317	1013872	1014015	143
E00170:22:H00WVALXX:1:2218:12662:15478	1013924	1014016	92
E00121:9:H00UWALXX:7:1115:6034:21298	1013867	1014017	150
E00125:9:H05MEALXX:7:2106:20660:12525	1013937	1014018	81
E00170:22:H00WVALXX:1:1211:19919:16691	1013964	1014020	56
E00170:22:H00WVALXX:1:1122:5709:69573	1013973	1014021	48
E00170:22:H00WVALXX:1:1210:4319:38333	1013970	1014022	52
E00170:22:H00WVALXX:1:2101:28760:64633	1013919	1014023	104
E00121:9:H00UWALXX:7:1117:27938:12754	1013963	1014024	61
E00170:22:H00WVALXX:1:1219:23309:66795	1013965	1014025	60
E00170:22:H00WVALXX:1:2208:19513:44785	1013946	1014026	80
E00170:22:H00WVALXX:1:2114:31145:27662	1013917	1014028	111
E00170:22:H00WVALXX:1:1212:29481:62752	1013922	1014029	107
E00125:9:H05MEALXX:7:1114:8673:30791	1013890	1014030	140
E00170:22:H00WVALXX:1:2203:29247:27855	1014008	1014031	23
E00170:22:H00WVALXX:1:2203:29805:28330	1014009	1014032	23
E00170:22:H00WVALXX:1:2203:29805:28365	1014010	1014033	23
E00121:9:H00UWALXX:7:1104:14357:58287	1013933	1014034	101
E00121:9:H00UWALXX:7:1104:14367:58304	1013934	1014035	101
E00121:9:H00UWALXX:7:1107:1375:54542	1013992	1014037	45
E00121:9:H00UWALXX:7:1107:1406:54524	1013993	1014038	45
E00170:22:H00WVALXX:1:2112:24649:34799	1013961	1014039	78
E00170:22:H00WVALXX:1:2123:8978:47527	1013986	1014041	55
E00125:9:H05MEALXX:7:1214:25979:40583	1013914	1014042	128
E00125:9:H05MEALXX:7:2203:22132:18625	1013972	1014043	71
E00170:22:H00WVALXX:1:1105:32302:61908	1013935	1014044	109
E00170:22:H00WVALXX:1:1110:10185:14283	1013951	1014045	94
E00170:22:H00WVALXX:1:1221:29744:20102	1013968	1014048	80
E00170:22:H00WVALXX:1:1211:26040:36083	1013998	1014051	53
E00121:9:H00UWALXX:7:1124:26182:35555	1013911	1014052	141
E00170:22:H00WVALXX:1:2108:24050:17799	1014004	1014059	55
E00121:9:H00UWALXX:7:1121:30374:4456	1013991	1014063	72
E00121:9:H00UWALXX:7:1106:2065:4122	1013989	1014064	75
E00170:22:H00WVALXX:1:1122:29105:39599	1013987	1014065	78
E00121:9:H00UWALXX:7:1106:25867:46051	1013975	1014066	91
E00121:9:H00UWALXX:7:1105:14875:64106	1013979	1014067	88
E00170:22:H00WVALXX:1:2204:13829:19293	1013978	1014068	90
E00170:22:H00WVALXX:1:2123:19940:64651	1014000	1014069	69
E00170:22:H00WVALXX:1:1122:5151:63719	1013988	1014070	82
E00170:22:H00WVALXX:1:1124:15646:42517	1013974	1014072	98
E00170:22:H00WVALXX:1:1202:32861:69134	1014027	1014073	46
E00170:22:H00WVALXX:1:1112:8196:49022	1013976	1014074	98
E00170:22:H00WVALXX:1:1114:22112:3999	1013977	1014075	98
E00121:9:H00UWALXX:7:1109:4329:38139	1013985	1014079	94
E00121:9:H00UWALXX:7:1111:26192:44820	1013983	1014084	101
E00125:9:H05MEALXX:7:2104:8145:49707	1014040	1014085	45
E00170:22:H00WVALXX:1:1214:17747:23618	1013955	1014086	131
E00170:22:H00WVALXX:1:1111:15677:51149	1014046	1014088	42
E00121:9:H00UWALXX:7:1102:23056:66286	1013956	1014091	135
E00170:22:H00WVALXX:1:2202:27410:68870	1014060	1014093	33
E00170:22:H00WVALXX:1:2202:27420:68887	1014061	1014094	33
E00170:22:H00WVALXX:1:2124:3689:53979	1013981	1014095	114
E00125:9:H05MEALXX:7:1117:12743:44591	1014097	1014101	4
E00170:22:H00WVALXX:1:2124:28628:47563	1014050	1014105	55
E00170:22:H00WVALXX:1:2118:25573:37454	1014036	1014106	70
E00170:22:H00WVALXX:1:2117:18549:58339	1014019	1014107	88
E00170:22:H00WVALXX:1:1210:14316:70733	1013971	1014108	137
E00170:22:H00WVALXX:1:1122:14022:12068	1014090	1014111	21
E00170:22:H00WVALXX:1:1212:5354:25288	1014100	1014121	21
E00170:22:H00WVALXX:1:2206:21361:39898	1014053	1014122	69
E00125:9:H05MEALXX:7:1211:30333:55896	1014058	1014123	65
E00125:9:H05MEALXX:7:1210:3395:71929	1014057	1014125	68
E00121:9:H00UWALXX:7:1124:4887:61750	1014049	1014127	78
E00170:22:H00WVALXX:1:2221:6897:60168	1014115	1014128	13
E00125:9:H05MEALXX:7:2109:31977:49742	1014103	1014133	30
E00125:9:H05MEALXX:7:2201:6491:12173	1014104	1014134	30
E00121:9:H00UWALXX:7:1116:2319:41163	1014055	1014135	80
E00170:22:H00WVALXX:1:1110:25796:55808	1014077	1014137	60
E00125:9:H05MEALXX:7:1207:8937:44750	1014081	1014138	57
E00170:22:H00WVALXX:1:2118:6389:40759	1014056	1014139	83
E00125:9:H05MEALXX:7:2115:2177:56528	1014062	1014141	79
E00170:22:H00WVALXX:1:1222:14479:38421	1014082	1014142	60
E00170:22:H00WVALXX:1:2109:2918:16674	1014076	1014144	68
E00121:9:H00UWALXX:7:1103:20782:55632	1014096	1014150	54
E00125:9:H05MEALXX:7:1217:28303:67534	1014054	1014151	97
E00170:22:H00WVALXX:1:2201:32718:42904	1014109	1014152	43
E00170:22:H00WVALXX:1:2218:26517:33217	1014092	1014156	64
E00121:9:H00UWALXX:7:1123:29958:46560	1014080	1014157	77
E00125:9:H05MEALXX:7:2214:29714:47650	1014136	1014161	25
E00125:9:H05MEALXX:7:2118:3456:36452	1014110	1014162	52
E00125:9:H05MEALXX:7:1201:12073:22159	1014126	1014167	41
E00170:22:H00WVALXX:1:2105:18519:39616	1014147	1014168	21
E00121:9:H00UWALXX:7:1101:5242:58814	1014117	1014171	54
E00170:22:H00WVALXX:1:2118:6948:27310	1014119	1014172	53
E00121:9:H00UWALXX:7:1113:21310:33762	1014047	1014173	126
E00121:9:H00UWALXX:7:1101:5252:58832	1014118	1014174	56
E00170:22:H00WVALXX:1:2105:4918:39511	1014112	1014176	64
E00170:22:H00WVALXX:1:2116:16529:20489	1014113	1014177	64
E00170:22:H00WVALXX:1:2113:10602:22528	1014071	1014179	108
E00121:9:H00UWALXX:7:1110:18925:68694	1014102	1014180	78
E00125:9:H05MEALXX:7:1216:31226:36909	1014078	1014183	105
E00125:9:H05MEALXX:7:1204:28506:25130	1014099	1014186	87
E00170:22:H00WVALXX:1:1102:25969:31916	1014116	1014187	71
E00170:22:H00WVALXX:1:2222:31622:6231	1014114	1014188	74
E00125:9:H05MEALXX:7:1119:19188:34131	1014089	1014190	101
E00170:22:H00WVALXX:1:1122:5435:60273	1014131	1014195	64
E00170:22:H00WVALXX:1:2204:16123:30193	1014140	1014196	56
E00125:9:H05MEALXX:7:1219:5263:70628	1014154	1014197	43
E00170:22:H00WVALXX:1:1218:25329:56827	1014098	1014198	100
E00125:9:H05MEALXX:7:2211:23553:20489	1014146	1014199	53
E00125:9:H05MEALXX:7:2114:14540:63842	1014130	1014200	70
E00170:22:H00WVALXX:1:1109:14550:57952	1014129	1014201	72
E00170:22:H00WVALXX:1:1118:27481:38931	1014132	1014203	71
E00170:22:H00WVALXX:1:1213:22650:52573	1014120	1014205	85
E00121:9:H00UWALXX:7:1118:8206:3682	1014160	1014207	47
E00170:22:H00WVALXX:1:1208:30008:2416	1014143	1014208	65
E00170:22:H00WVALXX:1:1106:12449:60537	1014170	1014209	39
E00170:22:H00WVALXX:1:1124:28719:13439	1014149	1014211	62
E00170:22:H00WVALXX:1:2105:29328:62875	1014087	1014212	125
E00121:9:H00UWALXX:7:1107:20457:45681	1014169	1014213	44
E00121:9:H00UWALXX:7:1105:30211:15180	1014148	1014214	66
E00170:22:H00WVALXX:1:1204:10378:36874	1014145	1014218	73
E00170:22:H00WVALXX:1:1215:32830:38667	1014124	1014220	96
E00170:22:H00WVALXX:1:2107:31683:52116	1014083	1014225	142
E00170:22:H00WVALXX:1:2221:24304:59693	1014178	1014226	48
E00170:22:H00WVALXX:1:1216:31622:70153	1014181	1014227	46
E00170:22:H00WVALXX:1:1214:7516:6530	1014165	1014230	65
E00125:9:H05MEALXX:7:1224:21807:43589	1014158	1014231	73
E00170:22:H00WVALXX:1:1211:23127:65635	1014159	1014232	73
E00170:22:H00WVALXX:1:1115:25329:6337	1014164	1014233	69
E00170:22:H00WVALXX:1:1214:24436:17764	1014155	1014234	79
E00170:22:H00WVALXX:1:2210:16529:15426	1014166	1014240	74
E00170:22:H00WVALXX:1:1205:4085:26255	1014153	1014241	88
E00170:22:H00WVALXX:1:2104:5192:2364	1014185	1014243	58
E00121:9:H00UWALXX:7:1117:21614:68676	1014175	1014244	69
E00170:22:H00WVALXX:1:1102:24954:26642	1014194	1014246	52
E00170:22:H00WVALXX:1:1205:5070:44767	1014204	1014248	44
E00170:22:H00WVALXX:1:1211:19716:22352	1014193	1014259	66
E00170:22:H00WVALXX:1:1123:12946:52538	1014184	1014262	78
E00121:9:H00UWALXX:7:1105:6948:2522	1014263	1014265	2
E00121:9:H00UWALXX:7:1117:5506:35889	1014264	1014266	2
E00170:22:H00WVALXX:1:1108:13494:58480	1014216	1014267	51
E00170:22:H00WVALXX:1:1207:17646:52204	1014215	1014269	54
E00125:9:H05MEALXX:7:2212:22518:14265	1014245	1014270	25
E00125:9:H05MEALXX:7:1102:13981:57671	1014219	1014272	53
E00170:22:H00WVALXX:1:1104:25035:5370	1014163	1014275	112
E00170:22:H00WVALXX:1:2215:4400:30351	1014189	1014276	87
E00170:22:H00WVALXX:1:1208:16549:60466	1014191	1014278	87
E00170:22:H00WVALXX:1:1208:16600:60484	1014192	1014279	87
E00125:9:H05MEALXX:7:2119:5730:59447	1014210	1014282	72
E00170:22:H00WVALXX:1:2107:10673:15619	1014182	1014287	105
E00170:22:H00WVALXX:1:1114:6968:25341	1014206	1014288	82
E00170:22:H00WVALXX:1:2116:9556:71700	1014223	1014289	66
E00170:22:H00WVALXX:1:2209:9252:61680	1014255	1014290	35
E00125:9:H05MEALXX:7:1209:23167:15391	1014250	1014292	42
E00121:9:H00UWALXX:7:1114:26395:23899	1014228	1014293	65
E00170:22:H00WVALXX:1:1116:6024:17377	1014235	1014295	60
E00170:22:H00WVALXX:1:1210:13484:2065	1014236	1014296	60
E00170:22:H00WVALXX:1:1210:13575:2047	1014237	1014297	60
E00170:22:H00WVALXX:1:2107:32576:28558	1014222	1014298	76
E00170:22:H00WVALXX:1:1111:4978:61838	1014242	1014305	63
E00170:22:H00WVALXX:1:2104:4319:25464	1014253	1014307	54
E00170:22:H00WVALXX:1:2206:18407:45752	1014254	1014308	54
E00170:22:H00WVALXX:1:1219:22944:44293	1014249	1014310	61
E00170:22:H00WVALXX:1:1107:4268:63350	1014239	1014311	72
E00125:9:H05MEALXX:7:2204:16895:14933	1014202	1014312	110
E00170:22:H00WVALXX:1:1217:31379:64211	1014238	1014314	76
E00125:9:H05MEALXX:7:2116:29166:9818	1014294	1014315	21
E00125:9:H05MEALXX:7:1118:28232:49549	1014229	1014316	87
E00121:9:H00UWALXX:7:1119:11474:17465	1014217	1014318	101
E00170:22:H00WVALXX:1:1111:25806:8112	1014221	1014321	100
E00121:9:H00UWALXX:7:1114:27237:43712	1014303	1014323	20
E00121:9:H00UWALXX:7:1114:27562:45295	1014304	1014324	20
E00121:9:H00UWALXX:7:1118:2522:57794	1014283	1014326	43
E00170:22:H00WVALXX:1:2203:22376:57197	1014284	1014327	43
E00170:22:H00WVALXX:1:2203:23482:57284	1014285	1014328	43
E00170:22:H00WVALXX:1:2203:23736:57091	1014286	1014329	43
E00170:22:H00WVALXX:1:2206:27217:5176	1014260	1014335	75
E00170:22:H00WVALXX:1:1102:16001:14863	1014299	1014336	37
E00170:22:H00WVALXX:1:2119:6471:29789	1014280	1014337	57
E00170:22:H00WVALXX:1:2113:21594:6055	1014224	1014339	115
E00121:9:H00UWALXX:7:1119:22883:6917	1014256	1014341	85
E00121:9:H00UWALXX:7:1118:26273:48547	1014291	1014343	52
E00170:22:H00WVALXX:1:1224:15707:8341	1014268	1014352	84
E00125:9:H05MEALXX:7:2121:8206:56282	1014251	1014355	104
E00170:22:H00WVALXX:1:2206:31440:31898	1014357	1014358	1
E00170:22:H00WVALXX:1:2208:21188:59253	1014333	1014359	26
E00125:9:H05MEALXX:7:1205:27978:50024	1014247	1014360	113
E00170:22:H00WVALXX:1:1119:16113:10380	1014257	1014361	104
E00170:22:H00WVALXX:1:2224:3852:53382	1014258	1014362	104
E00125:9:H05MEALXX:7:2218:13220:28259	1014273	1014366	93
E00125:9:H05MEALXX:7:2218:13555:28804	1014274	1014367	93
E00170:22:H00WVALXX:1:2110:10155:16867	1014261	1014368	107
E00170:22:H00WVALXX:1:1101:15179:13545	1014369	1014371	2
E00170:22:H00WVALXX:1:1101:15200:13509	1014370	1014372	2
E00170:22:H00WVALXX:1:1218:10084:49549	1014300	1014373	73
E00121:9:H00UWALXX:7:1111:21229:2188	1014252	1014374	122
E00121:9:H00UWALXX:7:1111:9637:27398	1014309	1014378	69
E00170:22:H00WVALXX:1:2124:13220:40882	1014320	1014382	62
E00170:22:H00WVALXX:1:2113:6958:11365	1014306	1014383	77
E00170:22:H00WVALXX:1:1219:20914:20805	1014271	1014384	113
E00125:9:H05MEALXX:7:2117:8907:42622	1014281	1014386	105
E00170:22:H00WVALXX:1:2217:3405:30281	1014317	1014388	71
E00125:9:H05MEALXX:7:2207:10673:31371	1014334	1014393	59
E00125:9:H05MEALXX:7:2118:4095:52538	1014301	1014394	93
E00170:22:H00WVALXX:1:2110:24203:24814	1014302	1014395	93
E00170:22:H00WVALXX:1:2216:16641:2188	1014332	1014396	64
E00170:22:H00WVALXX:1:2110:18214:27205	1014313	1014397	84
E00170:22:H00WVALXX:1:2107:24710:26326	1014277	1014405	128
E00170:22:H00WVALXX:1:2113:5973:40355	1014331	1014406	75
E00121:9:H00UWALXX:7:1111:1365:6917	1014330	1014411	81
E00125:9:H05MEALXX:7:2203:18793:60097	1014347	1014412	65
E00170:22:H00WVALXX:1:2117:18620:13492	1014348	1014413	65
E00170:22:H00WVALXX:1:2117:18640:13457	1014349	1014414	65
E00121:9:H00UWALXX:7:1111:14073:36909	1014353	1014420	67
E00125:9:H05MEALXX:7:2210:25481:27591	1014322	1014421	99
E00170:22:H00WVALXX:1:2219:23208:21895	1014385	1014432	47
E00170:22:H00WVALXX:1:1205:18843:4772	1014351	1014435	84
E00170:22:H00WVALXX:1:1210:16509:14652	1014340	1014438	98
E00121:9:H00UWALXX:7:1102:26415:16094	1014363	1014440	77
E00170:22:H00WVALXX:1:1118:17676:26449	1014338	1014441	103
E00170:22:H00WVALXX:1:1115:16062:69714	1014342	1014443	101
E00125:9:H05MEALXX:7:2211:12845:31898	1014325	1014444	119
E00170:22:H00WVALXX:1:1108:12601:56476	1014344	1014445	101
E00170:22:H00WVALXX:1:1219:18833:33832	1014380	1014447	67
E00170:22:H00WVALXX:1:2212:9516:70821	1014381	1014448	67
E00125:9:H05MEALXX:7:2217:19615:63561	1014345	1014449	104
E00170:22:H00WVALXX:1:1203:8531:71542	1014350	1014450	100
E00121:9:H00UWALXX:7:1116:19666:60414	1014436	1014451	15
E00170:22:H00WVALXX:1:2116:21290:8341	1014364	1014452	88
E00170:22:H00WVALXX:1:1114:22842:19434	1014365	1014453	88
E00170:22:H00WVALXX:1:2115:12875:34061	1014407	1014455	48
E00170:22:H00WVALXX:1:1106:31876:39616	1014399	1014457	58
E00170:22:H00WVALXX:1:2209:3750:20049	1014356	1014458	102
E00121:9:H00UWALXX:7:1104:7252:42183	1014375	1014460	85
E00170:22:H00WVALXX:1:2214:26466:62137	1014346	1014463	117
E00125:9:H05MEALXX:7:2110:16133:20331	1014391	1014465	74
E00170:22:H00WVALXX:1:1124:27613:45453	1014392	1014466	74
E00170:22:H00WVALXX:1:2104:27846:8341	1014469	1014470	1
E00170:22:H00WVALXX:1:2213:19737:72632	1014354	1014471	117
E00125:9:H05MEALXX:7:1223:14174:28048	1014403	1014474	71
E00121:9:H00UWALXX:7:1107:29379:30404	1014319	1014475	156
E00121:9:H00UWALXX:7:1103:7790:37946	1014402	1014476	74
E00170:22:H00WVALXX:1:1212:17270:61082	1014404	1014477	73
E00170:22:H00WVALXX:1:1218:22508:7849	1014446	1014479	33
E00121:9:H00UWALXX:7:1114:7841:38843	1014415	1014480	65
E00170:22:H00WVALXX:1:2217:28577:4860	1014398	1014482	84
E00170:22:H00WVALXX:1:2117:15037:71489	1014376	1014483	107
E00170:22:H00WVALXX:1:1224:5831:65037	1014387	1014484	97
E00170:22:H00WVALXX:1:1102:27187:31037	1014422	1014485	63
E00170:22:H00WVALXX:1:2116:10835:45541	1014377	1014486	109
E00170:22:H00WVALXX:1:2218:16935:9097	1014429	1014487	58
E00170:22:H00WVALXX:1:2218:17057:9097	1014430	1014488	58
E00170:22:H00WVALXX:1:2218:17392:8939	1014431	1014489	58
E00125:9:H05MEALXX:7:2224:21919:53065	1014389	1014493	104
E00170:22:H00WVALXX:1:2102:23573:23688	1014410	1014495	85
E00170:22:H00WVALXX:1:1208:15697:7268	1014426	1014497	71
E00170:22:H00WVALXX:1:1208:15707:7286	1014427	1014498	71
E00170:22:H00WVALXX:1:1218:29044:4227	1014428	1014499	71
E00121:9:H00UWALXX:7:1110:15961:2240	1014417	1014500	83
E00170:22:H00WVALXX:1:1220:16712:54032	1014424	1014501	77
E00170:22:H00WVALXX:1:2215:31247:56950	1014454	1014503	49
E00170:22:H00WVALXX:1:1110:6136:69011	1014409	1014506	97
E00170:22:H00WVALXX:1:1206:17158:64580	1014434	1014507	73
E00170:22:H00WVALXX:1:2213:6734:26308	1014416	1014510	94
E00125:9:H05MEALXX:7:2203:19869:63051	1014439	1014513	74
E00125:9:H05MEALXX:7:1109:23330:27767	1014379	1014514	135
E00170:22:H00WVALXX:1:1224:12114:38122	1014401	1014515	114
E00170:22:H00WVALXX:1:1214:11271:37120	1014423	1014516	93
E00170:22:H00WVALXX:1:2210:23482:27328	1014442	1014518	76
E00170:22:H00WVALXX:1:2117:9637:38579	1014390	1014521	131
E00125:9:H05MEALXX:7:1223:9110:3735	1014408	1014524	116
E00125:9:H05MEALXX:7:2205:13474:57003	1014419	1014527	108
E00170:22:H00WVALXX:1:1103:22244:45400	1014400	1014528	128
E00125:9:H05MEALXX:7:1202:23715:72527	1014425	1014532	107
E00170:22:H00WVALXX:1:1206:12083:21895	1014418	1014534	116
E00170:22:H00WVALXX:1:1106:11891:22475	1014492	1014536	44
E00170:22:H00WVALXX:1:1122:28811:57583	1014461	1014541	80
E00170:22:H00WVALXX:1:2224:12215:50534	1014462	1014542	80
E00170:22:H00WVALXX:1:2119:13992:21262	1014467	1014543	76
E00170:22:H00WVALXX:1:2208:3456:30158	1014464	1014544	80
E00170:22:H00WVALXX:1:2207:23807:53874	1014437	1014547	110
E00170:22:H00WVALXX:1:2107:4745:17447	1014504	1014548	44
E00125:9:H05MEALXX:7:1116:28750:27662	1014549	1014550	1
E00125:9:H05MEALXX:7:2111:17006:28242	1014433	1014562	129
E00125:9:H05MEALXX:7:1203:22883:8147	1014511	1014574	63
E00121:9:H00UWALXX:7:1113:7668:4122	1014481	1014575	94
E00170:22:H00WVALXX:1:2210:6531:22300	1014531	1014578	47
E00170:22:H00WVALXX:1:2222:29592:71806	1014517	1014580	63
E00170:22:H00WVALXX:1:1206:31226:52028	1014502	1014581	79
E00170:22:H00WVALXX:1:2119:17250:67692	1014537	1014582	45
E00170:22:H00WVALXX:1:2221:6247:56019	1014539	1014583	44
E00125:9:H05MEALXX:7:2120:25309:52256	1014523	1014586	63
E00170:22:H00WVALXX:1:1102:17402:41058	1014468	1014587	119
E00121:9:H00UWALXX:7:1112:17859:2223	1014525	1014589	64
E00170:22:H00WVALXX:1:2205:23523:56335	1014520	1014592	72
E00125:9:H05MEALXX:7:1207:15869:55632	1014456	1014594	138
E00170:22:H00WVALXX:1:2209:12215:44380	1014540	1014595	55
E00170:22:H00WVALXX:1:1202:13210:7040	1014496	1014599	103
E00125:9:H05MEALXX:7:2211:15068:49707	1014545	1014600	55
E00170:22:H00WVALXX:1:1208:26293:71050	1014459	1014601	142
E00170:22:H00WVALXX:1:2204:27024:29912	1014473	1014602	129
E00121:9:H00UWALXX:7:1123:21970:68870	1014588	1014605	17
E00125:9:H05MEALXX:7:2210:26689:35696	1014512	1014607	95
E00125:9:H05MEALXX:7:1116:20061:40706	1014566	1014608	42
E00121:9:H00UWALXX:7:1123:26415:59587	1014573	1014609	36
E00170:22:H00WVALXX:1:2209:12165:71437	1014538	1014610	72
E00170:22:H00WVALXX:1:1211:16539:1590	1014508	1014611	103
E00170:22:H00WVALXX:1:1211:16549:1572	1014509	1014612	103
E00170:22:H00WVALXX:1:2216:32566:29806	1014555	1014613	58
E00170:22:H00WVALXX:1:1110:31551:47211	1014478	1014614	136
E00125:9:H05MEALXX:7:2220:3517:6425	1014556	1014616	60
E00170:22:H00WVALXX:1:2113:21848:16797	1014494	1014617	123
E00170:22:H00WVALXX:1:1118:18407:25148	1014490	1014620	130
E00170:22:H00WVALXX:1:2109:12317:68852	1014491	1014621	130
E00170:22:H00WVALXX:1:2217:18031:14617	1014529	1014623	94
E00170:22:H00WVALXX:1:1102:5415:24972	1014558	1014628	70
E00170:22:H00WVALXX:1:1223:27583:57249	1014472	1014629	157
E00170:22:H00WVALXX:1:1223:23350:59447	1014567	1014631	64
E00170:22:H00WVALXX:1:2223:25958:69977	1014568	1014632	64
E00170:22:H00WVALXX:1:2219:25593:61222	1014505	1014633	128
E00125:9:H05MEALXX:7:2124:8013:47404	1014565	1014635	70
E00125:9:H05MEALXX:7:1211:14925:62365	1014533	1014637	104
E00170:22:H00WVALXX:1:2202:16174:38192	1014530	1014638	108
E00121:9:H00UWALXX:7:1122:20427:44152	1014561	1014639	78
E00170:22:H00WVALXX:1:2106:27664:54331	1014553	1014640	87
E00121:9:H00UWALXX:7:1105:25634:14705	1014519	1014641	122
E00170:22:H00WVALXX:1:1120:7079:72650	1014557	1014643	86
E00170:22:H00WVALXX:1:1216:10084:55104	1014572	1014644	72
E00125:9:H05MEALXX:7:1115:28344:25833	1014554	1014645	91
E00170:22:H00WVALXX:1:2214:16905:65899	1014563	1014647	84
E00121:9:H00UWALXX:7:1118:10388:43748	1014596	1014648	52
E00170:22:H00WVALXX:1:2208:16022:19012	1014598	1014649	51
E00170:22:H00WVALXX:1:2214:5019:34694	1014570	1014650	80
E00170:22:H00WVALXX:1:2106:22954:57390	1014551	1014652	101
E00170:22:H00WVALXX:1:2114:31632:33041	1014546	1014653	107
E00170:22:H00WVALXX:1:2112:22081:25710	1014522	1014654	132
E00121:9:H00UWALXX:7:1114:18021:67129	1014590	1014657	67
E00170:22:H00WVALXX:1:1119:29237:39511	1014591	1014658	67
E00170:22:H00WVALXX:1:1110:10226:54964	1014569	1014659	90
E00170:22:H00WVALXX:1:2118:8947:51870	1014559	1014660	101
E00121:9:H00UWALXX:7:1112:17686:72738	1014604	1014662	58
E00170:22:H00WVALXX:1:2122:29278:65530	1014579	1014663	84
E00170:22:H00WVALXX:1:1206:9850:68448	1014552	1014666	114
E00121:9:H00UWALXX:7:1104:9059:29947	1014576	1014667	91
E00125:9:H05MEALXX:7:2207:11454:28963	1014577	1014668	91
E00125:9:H05MEALXX:7:1116:32211:45576	1014535	1014670	135
E00170:22:H00WVALXX:1:2112:21929:37858	1014560	1014672	112
E00170:22:H00WVALXX:1:2116:4187:30545	1014564	1014674	110
E00170:22:H00WVALXX:1:2212:23228:51676	1014526	1014676	150
E00170:22:H00WVALXX:1:1118:10135:17043	1014571	1014679	108
E00170:22:H00WVALXX:1:2213:15636:66901	1014593	1014682	89
E00170:22:H00WVALXX:1:1123:30780:51922	1014584	1014683	99
E00125:9:H05MEALXX:7:1123:12967:15127	1014636	1014695	59
E00170:22:H00WVALXX:1:1221:27268:38526	1014634	1014697	63
E00121:9:H00UWALXX:7:1105:26507:52819	1014618	1014698	80
E00121:9:H00UWALXX:7:1105:26578:52766	1014619	1014699	80
E00125:9:H05MEALXX:7:2103:2695:42341	1014603	1014703	100
E00170:22:H00WVALXX:1:1114:30841:12050	1014630	1014706	76
E00121:9:H00UWALXX:7:1117:9434:13088	1014615	1014707	92
E00121:9:H00UWALXX:7:1107:31846:40372	1014625	1014711	86
E00170:22:H00WVALXX:1:1218:6521:37893	1014624	1014712	88
E00170:22:H00WVALXX:1:1109:27045:23442	1014622	1014713	91
E00121:9:H00UWALXX:7:1116:9059:6917	1014655	1014719	64
E00170:22:H00WVALXX:1:2201:7354:46894	1014597	1014720	123
E00170:22:H00WVALXX:1:1116:28689:68589	1014673	1014723	50
E00170:22:H00WVALXX:1:2213:3679:46684	1014585	1014725	140
E00121:9:H00UWALXX:7:1102:29968:59166	1014627	1014727	100
E00170:22:H00WVALXX:1:1124:29775:13861	1014691	1014728	37
E00125:9:H05MEALXX:7:2104:28537:39388	1014606	1014730	124
E00170:22:H00WVALXX:1:1222:28110:9361	1014680	1014731	51
E00170:22:H00WVALXX:1:2109:23644:12877	1014681	1014732	51
E00125:9:H05MEALXX:7:2221:7760:21192	1014642	1014733	91
E00170:22:H00WVALXX:1:2205:18356:45172	1014626	1014735	109
E00170:22:H00WVALXX:1:2120:27024:64580	1014677	1014736	59
E00170:22:H00WVALXX:1:2102:30049:5018	1014694	1014737	43
E00121:9:H00UWALXX:7:1110:8785:46455	1014661	1014738	77
E00121:9:H00UWALXX:7:1103:21279:21192	1014656	1014740	84
E00125:9:H05MEALXX:7:1106:21685:59552	1014717	1014742	25
E00170:22:H00WVALXX:1:1218:15595:3260	1014718	1014743	25
E00170:22:H00WVALXX:1:2204:24913:39933	1014651	1014744	93
E00170:22:H00WVALXX:1:1216:17250:65934	1014700	1014746	46
E00170:22:H00WVALXX:1:1114:13647:48758	1014684	1014747	63
E00170:22:H00WVALXX:1:1215:30252:65600	1014689	1014749	60
E00125:9:H05MEALXX:7:1116:25908:34623	1014693	1014750	57
E00121:9:H00UWALXX:7:1115:17960:29859	1014669	1014752	83
E00125:9:H05MEALXX:7:2101:28811:52415	1014665	1014753	88
E00170:22:H00WVALXX:1:1124:26831:26449	1014696	1014756	60
E00170:22:H00WVALXX:1:1118:14976:3207	1014687	1014757	70
E00170:22:H00WVALXX:1:1118:7952:11435	1014688	1014758	70
E00121:9:H00UWALXX:7:1102:26781:53012	1014709	1014759	50
E00125:9:H05MEALXX:7:1220:18346:52749	1014710	1014760	50
E00170:22:H00WVALXX:1:2208:17554:30738	1014675	1014763	88
E00125:9:H05MEALXX:7:1201:15088:31670	1014741	1014764	23
E00170:22:H00WVALXX:1:2204:19645:24972	1014646	1014765	119
E00170:22:H00WVALXX:1:1102:15666:2047	1014705	1014767	62
E00170:22:H00WVALXX:1:1219:17483:34764	1014664	1014770	106
E00170:22:H00WVALXX:1:1203:7059:19874	1014671	1014772	101
E00170:22:H00WVALXX:1:1124:25096:36909	1014686	1014773	87
E00170:22:H00WVALXX:1:2111:27613:24954	1014678	1014774	96
E00170:22:H00WVALXX:1:2217:19666:21350	1014701	1014775	74
E00125:9:H05MEALXX:7:2214:26852:44767	1014715	1014778	63
E00170:22:H00WVALXX:1:1117:12967:25429	1014690	1014779	89
E00170:22:H00WVALXX:1:1115:20183:46332	1014685	1014780	95
E00125:9:H05MEALXX:7:1109:6491:45752	1014729	1014782	53
E00170:22:H00WVALXX:1:2101:5283:7093	1014722	1014789	67
E00125:9:H05MEALXX:7:1220:16133:12560	1014724	1014790	66
E00170:22:H00WVALXX:1:2121:31196:71243	1014783	1014792	9
E00170:22:H00WVALXX:1:2124:24253:14072	1014726	1014793	67
E00170:22:H00WVALXX:1:2217:16895:53470	1014745	1014795	50
E00121:9:H00UWALXX:7:1108:26669:56300	1014708	1014796	88
E00170:22:H00WVALXX:1:2120:6674:21737	1014702	1014804	102
E00121:9:H00UWALXX:7:1115:13809:19680	1014704	1014806	102
E00170:22:H00WVALXX:1:1223:19960:21262	1014769	1014807	38
E00170:22:H00WVALXX:1:1121:24121:66479	1014716	1014808	92
E00170:22:H00WVALXX:1:1103:4278:58832	1014734	1014809	75
E00125:9:H05MEALXX:7:1124:9485:27767	1014794	1014810	16
E00170:22:H00WVALXX:1:1121:26019:61363	1014692	1014811	119
E00170:22:H00WVALXX:1:2119:10267:69380	1014748	1014812	64
E00170:22:H00WVALXX:1:1116:8419:67411	1014739	1014815	76
E00170:22:H00WVALXX:1:1224:14032:60818	1014751	1014817	66
E00170:22:H00WVALXX:1:1101:9241:61135	1014721	1014819	98
E00170:22:H00WVALXX:1:1105:19950:49690	1014714	1014820	106
E00121:9:H00UWALXX:7:1103:5689:4139	1014766	1014825	59
E00121:9:H00UWALXX:7:1105:22051:3858	1014776	1014826	50
E00170:22:H00WVALXX:1:1220:7222:41884	1014761	1014827	66
E00121:9:H00UWALXX:7:1101:29744:59377	1014784	1014829	45
E00170:22:H00WVALXX:1:1218:12236:35872	1014754	1014831	77
E00170:22:H00WVALXX:1:2218:12591:27732	1014755	1014832	77
E00125:9:H05MEALXX:7:1106:16621:16639	1014785	1014838	53
E00170:22:H00WVALXX:1:1115:20914:41550	1014777	1014839	62
E00121:9:H00UWALXX:7:1104:27704:23636	1014805	1014842	37
E00125:9:H05MEALXX:7:1214:6582:10855	1014762	1014843	81
E00170:22:H00WVALXX:1:1118:29602:52872	1014768	1014846	78
E00125:9:H05MEALXX:7:2120:5821:39071	1014797	1014847	50
E00170:22:H00WVALXX:1:1108:11698:46473	1014787	1014848	61
E00121:9:H00UWALXX:7:1123:16407:34201	1014771	1014850	79
E00125:9:H05MEALXX:7:1101:13850:32549	1014816	1014855	39
E00170:22:H00WVALXX:1:1109:13860:15408	1014791	1014867	76
E00170:22:H00WVALXX:1:2211:17057:72069	1014781	1014873	92
E00170:22:H00WVALXX:1:1119:9160:60080	1014800	1014874	74
E00125:9:H05MEALXX:7:1103:13768:4280	1014788	1014875	87
E00170:22:H00WVALXX:1:1105:17473:24093	1014813	1014879	66
E00121:9:H00UWALXX:7:1116:13403:10925	1014786	1014881	95
E00170:22:H00WVALXX:1:1110:12997:36698	1014801	1014882	81
E00170:22:H00WVALXX:1:1206:28638:32813	1014802	1014883	81
E00170:22:H00WVALXX:1:2222:4319:49127	1014803	1014884	81
E00125:9:H05MEALXX:7:2101:32769:45594	1014835	1014892	57
E00125:9:H05MEALXX:7:2101:32820:45611	1014836	1014893	57
E00170:22:H00WVALXX:1:1109:9323:54841	1014837	1014894	57
E00125:9:H05MEALXX:7:2211:8460:40302	1014814	1014895	81
E00170:22:H00WVALXX:1:2101:10399:34342	1014822	1014896	74
E00170:22:H00WVALXX:1:2213:29217:72527	1014823	1014897	74
E00170:22:H00WVALXX:1:2105:13170:23812	1014834	1014903	69
E00125:9:H05MEALXX:7:1201:8541:22616	1014841	1014907	66
E00170:22:H00WVALXX:1:2116:16448:60396	1014840	1014908	68
E00121:9:H00UWALXX:7:1107:28953:36487	1014818	1014909	91
E00170:22:H00WVALXX:1:1206:19615:35749	1014828	1014910	82
E00170:22:H00WVALXX:1:1104:2695:52432	1014799	1014912	113
E00170:22:H00WVALXX:1:2107:8643:41251	1014862	1014913	51
E00170:22:H00WVALXX:1:2107:9140:42042	1014863	1014914	51
E00170:22:H00WVALXX:1:2214:18630:29929	1014871	1014917	46
E00170:22:H00WVALXX:1:2210:22934:15584	1014833	1014919	86
E00121:9:H00UWALXX:7:1114:3963:19891	1014868	1014920	52
E00170:22:H00WVALXX:1:1109:13728:67006	1014845	1014922	77
E00170:22:H00WVALXX:1:2221:25512:58128	1014858	1014924	66
E00125:9:H05MEALXX:7:2217:28435:44310	1014869	1014925	56
E00121:9:H00UWALXX:7:1108:5181:59939	1014860	1014926	66
E00170:22:H00WVALXX:1:2107:14712:59113	1014852	1014927	75
E00170:22:H00WVALXX:1:1222:19666:41743	1014900	1014928	28
E00170:22:H00WVALXX:1:2210:31237:51694	1014798	1014929	131
E00125:9:H05MEALXX:7:1205:25400:59693	1014864	1014931	67
E00125:9:H05MEALXX:7:2212:32830:63701	1014821	1014933	112
E00125:9:H05MEALXX:7:1215:26547:1414	1014824	1014934	110
E00125:9:H05MEALXX:7:1204:29481:7901	1014866	1014935	69
E00121:9:H00UWALXX:7:1116:22650:57320	1014856	1014936	80
E00125:9:H05MEALXX:7:2207:7455:39616	1014887	1014937	50
E00170:22:H00WVALXX:1:1111:9434:20155	1014876	1014938	62
E00170:22:H00WVALXX:1:2104:15616:29947	1014877	1014941	64
E00170:22:H00WVALXX:1:2121:23360:41462	1014830	1014942	112
E00170:22:H00WVALXX:1:1102:3852:69520	1014851	1014945	94
E00170:22:H00WVALXX:1:1108:32637:6970	1014906	1014946	40
E00170:22:H00WVALXX:1:2123:31206:2662	1014859	1014947	88
E00170:22:H00WVALXX:1:2105:5110:24409	1014861	1014948	87
E00170:22:H00WVALXX:1:2222:31643:16744	1014870	1014949	79
E00125:9:H05MEALXX:7:1106:16509:56880	1014872	1014950	78
E00125:9:H05MEALXX:7:1215:21097:8534	1014853	1014953	100
E00170:22:H00WVALXX:1:2101:19757:66760	1014857	1014954	97
E00170:22:H00WVALXX:1:1109:23401:56335	1014888	1014955	67
E00170:22:H00WVALXX:1:1116:14834:2117	1014889	1014956	67
E00170:22:H00WVALXX:1:2121:23462:48600	1014854	1014957	103
E00170:22:H00WVALXX:1:2217:30577:50551	1014880	1014958	78
E00170:22:H00WVALXX:1:2206:8521:60097	1014878	1014959	81
E00170:22:H00WVALXX:1:2218:28080:17043	1014849	1014961	112
E00170:22:H00WVALXX:1:1115:18914:50745	1014890	1014962	72
E00125:9:H05MEALXX:7:2203:24568:25306	1014921	1014966	45
E00170:22:H00WVALXX:1:1122:15585:32039	1014902	1014969	67
E00121:9:H00UWALXX:7:1112:29541:43625	1014904	1014971	67
E00170:22:H00WVALXX:1:2116:22335:34623	1014905	1014972	67
E00125:9:H05MEALXX:7:1124:4552:40425	1014923	1014973	50
E00125:9:H05MEALXX:7:1121:23086:59095	1014901	1014977	76
E00170:22:H00WVALXX:1:2219:28608:14371	1014885	1014979	94
E00170:22:H00WVALXX:1:2219:28689:14371	1014886	1014980	94
E00170:22:H00WVALXX:1:2118:26669:46244	1014891	1014983	92
E00170:22:H00WVALXX:1:2119:22447:60836	1014844	1014987	143
E00125:9:H05MEALXX:7:1211:19391:8042	1014899	1014989	90
E00170:22:H00WVALXX:1:2124:7354:32373	1014916	1014991	75
E00170:22:H00WVALXX:1:1213:24771:9976	1014865	1014992	127
E00125:9:H05MEALXX:7:2217:24335:49127	1014940	1014995	55
E00170:22:H00WVALXX:1:1205:10977:13334	1014943	1015001	58
E00170:22:H00WVALXX:1:1205:10977:13404	1014944	1015002	58
E00121:9:H00UWALXX:7:1119:20620:24937	1014994	1015013	19
E00121:9:H00UWALXX:7:1123:24832:28259	1014915	1015014	99
E00121:9:H00UWALXX:7:1111:23462:54647	1014993	1015015	22
E00170:22:H00WVALXX:1:2123:21939:8587	1014964	1015016	52
E00170:22:H00WVALXX:1:2111:13657:63684	1014967	1015018	51
E00125:9:H05MEALXX:7:2101:29064:48881	1014911	1015020	109
E00170:22:H00WVALXX:1:2123:28100:58744	1014985	1015021	36
E00121:9:H00UWALXX:7:1103:6075:5827	1015007	1015023	16
E00170:22:H00WVALXX:1:2121:27816:4280	1014951	1015028	77
E00170:22:H00WVALXX:1:2112:9688:24181	1014960	1015029	69
E00170:22:H00WVALXX:1:2103:23807:5633	1014952	1015031	79
E00170:22:H00WVALXX:1:1217:24355:41568	1014965	1015034	69
E00170:22:H00WVALXX:1:2114:16448:70663	1014981	1015038	57
E00170:22:H00WVALXX:1:2114:16458:70645	1014982	1015039	57
E00125:9:H05MEALXX:7:2111:8744:31547	1014963	1015040	77
E00121:9:H00UWALXX:7:1109:22802:26115	1014932	1015042	110
E00170:22:H00WVALXX:1:1112:26831:66707	1014939	1015044	105
E00170:22:H00WVALXX:1:1108:20884:20577	1014986	1015047	61
E00170:22:H00WVALXX:1:2116:10277:68096	1014918	1015048	130
E00170:22:H00WVALXX:1:2123:2238:46402	1014898	1015049	151
E00170:22:H00WVALXX:1:2108:8511:21438	1014970	1015054	84
E00125:9:H05MEALXX:7:1218:25126:49408	1014997	1015055	58
E00170:22:H00WVALXX:1:2220:22457:49637	1014930	1015056	126
E00125:9:H05MEALXX:7:1207:12114:59640	1014990	1015059	69
E00170:22:H00WVALXX:1:2204:14895:40689	1014976	1015069	93
E00170:22:H00WVALXX:1:2219:18843:29138	1015027	1015070	43
E00125:9:H05MEALXX:7:1105:9191:24691	1015005	1015071	66
E00170:22:H00WVALXX:1:2212:3821:25165	1015051	1015072	21
E00170:22:H00WVALXX:1:1208:22629:67340	1015010	1015074	64
E00125:9:H05MEALXX:7:2124:5740:22229	1015033	1015078	45
E00121:9:H00UWALXX:7:1112:11414:28189	1014978	1015079	101
E00170:22:H00WVALXX:1:2215:8876:23091	1014996	1015080	84
E00170:22:H00WVALXX:1:1209:13088:42904	1014999	1015084	85
E00170:22:H00WVALXX:1:2101:32647:52626	1014984	1015085	101
E00170:22:H00WVALXX:1:2215:25106:62770	1015000	1015086	86
E00125:9:H05MEALXX:7:1220:31389:32162	1015011	1015088	77
E00121:9:H00UWALXX:7:1120:6887:59658	1015025	1015090	65
E00121:9:H00UWALXX:7:1120:7140:59218	1015026	1015091	65
E00125:9:H05MEALXX:7:2108:21827:5370	1015012	1015092	80
E00125:9:H05MEALXX:7:2124:23614:51958	1015017	1015094	77
E00121:9:H00UWALXX:7:1118:17696:63578	1015043	1015095	52
E00121:9:H00UWALXX:7:1105:2685:56669	1014988	1015096	108
E00125:9:H05MEALXX:7:2114:31592:48195	1014975	1015097	122
E00125:9:H05MEALXX:7:1110:21696:50252	1015063	1015098	35
E00170:22:H00WVALXX:1:2203:12347:43308	1015064	1015099	35
E00121:9:H00UWALXX:7:1102:6460:30580	1015006	1015102	96
E00170:22:H00WVALXX:1:2213:14662:45769	1015008	1015103	95
E00121:9:H00UWALXX:7:1112:18843:27521	1015041	1015105	64
E00170:22:H00WVALXX:1:2205:21127:57812	1014974	1015109	135
E00170:22:H00WVALXX:1:1210:20122:58216	1015052	1015110	58
E00170:22:H00WVALXX:1:1219:14925:35327	1014998	1015111	113
E00170:22:H00WVALXX:1:2117:19107:31072	1015032	1015112	80
E00170:22:H00WVALXX:1:1215:14337:24989	1015058	1015113	55
E00125:9:H05MEALXX:7:1217:8298:45084	1015060	1015114	54
E00170:22:H00WVALXX:1:2215:10135:33709	1015022	1015119	97
E00121:9:H00UWALXX:7:1105:16357:15267	1015036	1015121	85
E00170:22:H00WVALXX:1:2103:20193:39528	1015003	1015122	119
E00170:22:H00WVALXX:1:2103:20203:39546	1015004	1015123	119
E00170:22:H00WVALXX:1:2213:12327:55931	1015037	1015124	87
E00170:22:H00WVALXX:1:2203:15189:19258	1015077	1015128	51
E00170:22:H00WVALXX:1:1202:6227:60801	1015024	1015131	107
E00170:22:H00WVALXX:1:2116:7790:43888	1015101	1015133	32
E00125:9:H05MEALXX:7:2212:22436:55017	1015019	1015136	117
E00170:22:H00WVALXX:1:1116:11241:42974	1015057	1015137	80
E00121:9:H00UWALXX:7:1108:6552:20682	1015073	1015138	65
E00170:22:H00WVALXX:1:2221:16945:36540	1014968	1015139	171
E00170:22:H00WVALXX:1:2109:9779:71489	1015035	1015140	105
E00170:22:H00WVALXX:1:1103:29623:66479	1015046	1015144	98
E00170:22:H00WVALXX:1:1213:28060:14969	1015009	1015146	137
E00170:22:H00WVALXX:1:1215:7191:59869	1015030	1015147	117
E00121:9:H00UWALXX:7:1114:5445:45594	1015106	1015154	48
E00170:22:H00WVALXX:1:1107:31500:58410	1015107	1015155	48
E00170:22:H00WVALXX:1:1207:13758:12103	1015108	1015156	48
E00125:9:H05MEALXX:7:2119:30252:53083	1015065	1015159	94
E00170:22:H00WVALXX:1:1210:24203:32197	1015062	1015163	101
E00121:9:H00UWALXX:7:1119:5790:24743	1015116	1015166	50
E00125:9:H05MEALXX:7:1208:27755:42851	1015117	1015167	50
E00125:9:H05MEALXX:7:1124:18772:72966	1015083	1015173	90
E00170:22:H00WVALXX:1:1222:25370:67094	1015141	1015175	34
E00125:9:H05MEALXX:7:2108:30891:37032	1015075	1015179	104
E00170:22:H00WVALXX:1:1221:31348:9378	1015115	1015180	65
E00170:22:H00WVALXX:1:1210:16397:65160	1015068	1015182	114
E00125:9:H05MEALXX:7:1123:28364:40495	1015050	1015183	133
E00170:22:H00WVALXX:1:2109:30191:12015	1015076	1015184	108
E00125:9:H05MEALXX:7:1107:13636:33375	1015053	1015185	132
E00170:22:H00WVALXX:1:1111:4268:54419	1015104	1015186	82
E00170:22:H00WVALXX:1:1117:25827:4420	1015087	1015187	100
E00170:22:H00WVALXX:1:1120:31409:55017	1015045	1015188	143
E00121:9:H00UWALXX:7:1119:3283:55843	1015125	1015191	66
E00125:9:H05MEALXX:7:1101:12073:10486	1015082	1015192	110
E00170:22:H00WVALXX:1:2203:5303:68096	1015066	1015193	127
E00121:9:H00UWALXX:7:1122:21858:27152	1015142	1015195	53
E00121:9:H00UWALXX:7:1111:15798:61978	1015081	1015197	116
E00125:9:H05MEALXX:7:2118:15778:13633	1015118	1015198	80
E00170:22:H00WVALXX:1:1210:12023:46226	1015126	1015201	75
E00170:22:H00WVALXX:1:2208:13535:31371	1015132	1015204	72
E00170:22:H00WVALXX:1:1104:28801:56476	1015151	1015207	56
E00170:22:H00WVALXX:1:1104:28811:56493	1015152	1015208	56
E00121:9:H00UWALXX:7:1106:3091:41902	1015145	1015212	67
E00170:22:H00WVALXX:1:1117:11820:42148	1015149	1015213	64
E00121:9:H00UWALXX:7:1111:30922:52661	1015120	1015214	94
E00121:9:H00UWALXX:7:1120:21218:7620	1015093	1015215	122
E00170:22:H00WVALXX:1:1121:6775:9009	1015067	1015216	149
E00170:22:H00WVALXX:1:1116:19239:20014	1015219	1015222	3
E00170:22:H00WVALXX:1:1204:27024:55649	1015220	1015223	3
E00170:22:H00WVALXX:1:1204:27116:55597	1015221	1015224	3
E00121:9:H00UWALXX:7:1105:20203:7936	1015176	1015225	49
E00170:22:H00WVALXX:1:1101:7232:19223	1015061	1015226	165
E00170:22:H00WVALXX:1:2105:12053:24902	1015174	1015227	53
E00121:9:H00UWALXX:7:1112:1477:67657	1015127	1015229	102
E00125:9:H05MEALXX:7:2209:13444:34659	1015129	1015230	101
E00170:22:H00WVALXX:1:2224:17361:7479	1015130	1015231	101
E00125:9:H05MEALXX:7:1207:23523:61855	1015157	1015232	75
E00170:22:H00WVALXX:1:1111:15200:40372	1015100	1015239	139
E00170:22:H00WVALXX:1:2123:16133:36680	1015150	1015240	90
E00121:9:H00UWALXX:7:1102:1812:46965	1015164	1015243	79
E00170:22:H00WVALXX:1:2213:23117:42236	1015165	1015244	79
E00170:22:H00WVALXX:1:1110:25431:57777	1015168	1015247	79
E00125:9:H05MEALXX:7:1104:7445:20014	1015160	1015250	90
E00170:22:H00WVALXX:1:2120:31795:35362	1015161	1015251	90
E00170:22:H00WVALXX:1:2120:31846:35239	1015162	1015252	90
E00170:22:H00WVALXX:1:2115:27613:23513	1015170	1015255	85
E00170:22:H00WVALXX:1:2210:27156:49373	1015171	1015256	85
E00170:22:H00WVALXX:1:2210:27369:49356	1015172	1015257	85
E00170:22:H00WVALXX:1:2219:29724:4702	1015178	1015258	80
E00170:22:H00WVALXX:1:2101:11353:67569	1015134	1015262	128
E00170:22:H00WVALXX:1:1114:8257:70259	1015148	1015265	117
E00170:22:H00WVALXX:1:2210:11738:18907	1015190	1015266	76
E00121:9:H00UWALXX:7:1114:15240:25886	1015089	1015267	178
E00170:22:H00WVALXX:1:1220:12083:30791	1015177	1015268	91
E00170:22:H00WVALXX:1:2110:19310:14265	1015135	1015269	134
E00170:22:H00WVALXX:1:2204:5384:69011	1015253	1015270	17
E00170:22:H00WVALXX:1:2220:25004:54894	1015158	1015271	113
E00170:22:H00WVALXX:1:1218:14976:57952	1015169	1015273	104
E00170:22:H00WVALXX:1:2103:3141:28769	1015143	1015274	131
E00170:22:H00WVALXX:1:2106:5527:30053	1015153	1015275	122
E00170:22:H00WVALXX:1:1209:31977:32303	1015206	1015278	72
E00125:9:H05MEALXX:7:2121:25268:38544	1015209	1015279	70
E00170:22:H00WVALXX:1:2107:3598:52555	1015200	1015283	83
E00170:22:H00WVALXX:1:1221:14641:41128	1015217	1015286	69
E00125:9:H05MEALXX:7:1204:3811:19030	1015199	1015287	88
E00125:9:H05MEALXX:7:2202:8501:12982	1015196	1015291	95
E00125:9:H05MEALXX:7:1122:18925:28189	1015237	1015293	56
E00121:9:H00UWALXX:7:1113:7709:2645	1015211	1015294	83
E00125:9:H05MEALXX:7:2213:3578:23231	1015181	1015295	114
E00121:9:H00UWALXX:7:1109:5983:46244	1015241	1015298	57
E00125:9:H05MEALXX:7:2108:6024:72825	1015233	1015300	67
E00170:22:H00WVALXX:1:1103:25004:28031	1015234	1015301	67
E00170:22:H00WVALXX:1:2116:15118:55104	1015235	1015302	67
E00170:22:H00WVALXX:1:2213:15372:6143	1015259	1015303	44
E00170:22:H00WVALXX:1:1203:12703:71560	1015205	1015304	99
E00170:22:H00WVALXX:1:2120:19412:46191	1015242	1015305	63
E00170:22:H00WVALXX:1:1123:17290:33024	1015280	1015311	31
E00170:22:H00WVALXX:1:2116:6308:38860	1015202	1015314	112
E00170:22:H00WVALXX:1:2116:6592:38825	1015203	1015315	112
E00170:22:H00WVALXX:1:2221:10835:65934	1015189	1015316	127
E00125:9:H05MEALXX:7:2124:31165:17430	1015284	1015319	35
E00170:22:H00WVALXX:1:1121:32658:73036	1015248	1015324	76
E00170:22:H00WVALXX:1:1210:6745:48828	1015249	1015325	76
E00125:9:H05MEALXX:7:1106:29359:48020	1015296	1015327	31
E00125:9:H05MEALXX:7:2215:24192:16850	1015277	1015333	56
E00170:22:H00WVALXX:1:2201:6399:56247	1015281	1015335	54
E00121:9:H00UWALXX:7:1121:10246:24655	1015282	1015336	54
E00121:9:H00UWALXX:7:1118:16783:19663	1015236	1015337	101
E00125:9:H05MEALXX:7:1115:32140:50200	1015228	1015339	111
E00170:22:H00WVALXX:1:2203:11901:39687	1015218	1015340	122
E00170:22:H00WVALXX:1:2217:27603:67129	1015285	1015341	56
E00170:22:H00WVALXX:1:2207:32769:39018	1015238	1015343	105
E00121:9:H00UWALXX:7:1111:19919:52907	1015194	1015348	154
E00170:22:H00WVALXX:1:1224:24568:70065	1015210	1015349	139
E00170:22:H00WVALXX:1:1206:24964:14072	1015276	1015351	75
E00170:22:H00WVALXX:1:2202:12560:62453	1015246	1015352	106
E00170:22:H00WVALXX:1:1107:25116:50657	1015245	1015353	108
E00170:22:H00WVALXX:1:2105:29308:16920	1015260	1015355	95
E00170:22:H00WVALXX:1:1102:16905:44908	1015330	1015360	30
E00125:9:H05MEALXX:7:1102:6552:63051	1015261	1015361	100
E00170:22:H00WVALXX:1:1224:27765:53522	1015264	1015364	100
E00170:22:H00WVALXX:1:2220:29947:45980	1015308	1015365	57
E00170:22:H00WVALXX:1:2220:30029:45699	1015309	1015366	57
E00170:22:H00WVALXX:1:2122:31419:56405	1015310	1015368	58
E00170:22:H00WVALXX:1:1104:7354:33498	1015299	1015370	71
E00170:22:H00WVALXX:1:1205:22315:44257	1015290	1015372	82
E00170:22:H00WVALXX:1:2209:5344:60994	1015254	1015373	119
E00170:22:H00WVALXX:1:1218:29978:5141	1015306	1015375	69
E00170:22:H00WVALXX:1:2222:8003:32127	1015307	1015376	69
E00170:22:H00WVALXX:1:1106:26425:19346	1015292	1015377	85
E00125:9:H05MEALXX:7:1108:22193:11382	1015263	1015378	115
E00125:9:H05MEALXX:7:1222:11485:21526	1015344	1015380	36
E00170:22:H00WVALXX:1:2101:4948:11962	1015345	1015381	36
E00170:22:H00WVALXX:1:1119:20965:54507	1015288	1015382	94
E00170:22:H00WVALXX:1:1109:7019:70188	1015320	1015383	63
E00121:9:H00UWALXX:7:1118:18133:44293	1015329	1015385	56
E00170:22:H00WVALXX:1:1209:13027:60097	1015347	1015386	39
E00170:22:H00WVALXX:1:2105:10236:62611	1015326	1015387	61
E00170:22:H00WVALXX:1:2210:4491:56845	1015321	1015388	67
E00125:9:H05MEALXX:7:2123:30252:11734	1015272	1015389	117
E00170:22:H00WVALXX:1:1124:24213:34571	1015312	1015390	78
E00170:22:H00WVALXX:1:2210:21706:10925	1015313	1015391	78
E00170:22:H00WVALXX:1:2214:7242:63965	1015297	1015392	95
E00170:22:H00WVALXX:1:1102:26354:71999	1015346	1015393	47
E00125:9:H05MEALXX:7:2109:11840:7022	1015331	1015394	63
E00125:9:H05MEALXX:7:2224:10226:35766	1015322	1015395	73
E00170:22:H00WVALXX:1:1107:3009:6530	1015289	1015400	111
E00170:22:H00WVALXX:1:1118:9739:2188	1015332	1015401	69
E00125:9:H05MEALXX:7:1210:24974:9765	1015323	1015408	85
E00170:22:H00WVALXX:1:1124:25451:63649	1015356	1015409	53
E00170:22:H00WVALXX:1:1201:29024:15373	1015334	1015410	76
E00121:9:H00UWALXX:7:1118:27329:66549	1015318	1015414	96
E00170:22:H00WVALXX:1:2124:31480:44732	1015363	1015415	52
E00125:9:H05MEALXX:7:1221:27430:20208	1015357	1015421	64
E00125:9:H05MEALXX:7:1221:27451:20208	1015358	1015422	64
E00170:22:H00WVALXX:1:1124:28242:65846	1015359	1015423	64
E00170:22:H00WVALXX:1:2115:6481:45699	1015350	1015430	80
E00125:9:H05MEALXX:7:2209:26030:3999	1015338	1015435	97
E00170:22:H00WVALXX:1:1203:20305:31178	1015317	1015436	119
E00170:22:H00WVALXX:1:1208:21259:32584	1015354	1015437	83
E00170:22:H00WVALXX:1:2109:8572:57865	1015367	1015438	71
E00170:22:H00WVALXX:1:1203:9191:38931	1015371	1015442	71
E00121:9:H00UWALXX:7:1108:3405:67059	1015406	1015444	38
E00170:22:H00WVALXX:1:1201:16600:45717	1015407	1015448	41
E00170:22:H00WVALXX:1:2205:20701:49479	1015374	1015452	78
E00121:9:H00UWALXX:7:2101:22954:46736	1015328	1015453	125
E00170:22:H00WVALXX:1:1224:31115:2891	1015369	1015454	85
E00121:9:H00UWALXX:7:1106:10338:13879	1015379	1015456	77
E00121:9:H00UWALXX:7:1124:9272:13720	1015384	1015457	73
E00121:9:H00UWALXX:7:1107:17027:63086	1015362	1015462	100
E00170:22:H00WVALXX:1:2220:17270:12947	1015402	1015466	64
E00125:9:H05MEALXX:7:2202:12916:9062	1015398	1015467	69
E00121:9:H00UWALXX:7:1106:24406:4456	1015420	1015470	50
E00170:22:H00WVALXX:1:2110:1903:65899	1015404	1015471	67
E00125:9:H05MEALXX:7:1208:9231:62980	1015417	1015472	55
E00170:22:H00WVALXX:1:1114:4968:23671	1015342	1015473	131
E00170:22:H00WVALXX:1:1209:25827:55685	1015419	1015474	55
E00121:9:H00UWALXX:7:1103:4877:52837	1015441	1015475	34
E00170:22:H00WVALXX:1:2224:13647:16902	1015413	1015476	63
E00170:22:H00WVALXX:1:1210:15088:7409	1015399	1015478	79
E00125:9:H05MEALXX:7:2107:23411:69784	1015450	1015480	30
E00170:22:H00WVALXX:1:2114:15555:34237	1015405	1015481	76
E00170:22:H00WVALXX:1:1214:27775:44890	1015424	1015482	58
E00170:22:H00WVALXX:1:1214:5801:67797	1015403	1015483	80
E00125:9:H05MEALXX:7:2115:10094:54841	1015411	1015486	75
E00121:9:H00UWALXX:7:1117:5770:47598	1015418	1015487	69
E00121:9:H00UWALXX:7:1124:27207:69186	1015428	1015488	60
E00170:22:H00WVALXX:1:2117:2888:33498	1015426	1015491	65
E00170:22:H00WVALXX:1:1214:15200:55034	1015412	1015493	81
E00170:22:H00WVALXX:1:1203:21249:33657	1015425	1015496	71
E00125:9:H05MEALXX:7:2212:23127:11734	1015396	1015497	101
E00121:9:H00UWALXX:7:1117:4654:32268	1015458	1015501	43
E00170:22:H00WVALXX:1:2111:24111:29402	1015459	1015502	43
E00170:22:H00WVALXX:1:2202:11322:50885	1015427	1015508	81
E00121:9:H00UWALXX:7:1104:4938:35327	1015433	1015510	77
E00121:9:H00UWALXX:7:1124:28202:60888	1015451	1015516	65
E00121:9:H00UWALXX:7:1119:5486:5159	1015465	1015517	52
E00170:22:H00WVALXX:1:1110:3202:29648	1015429	1015518	89
E00170:22:H00WVALXX:1:2120:31308:25798	1015464	1015519	55
E00170:22:H00WVALXX:1:2111:16915:30685	1015477	1015520	43
E00125:9:H05MEALXX:7:1223:6308:33481	1015490	1015522	32
E00121:9:H00UWALXX:7:1108:10551:68606	1015445	1015523	78
E00170:22:H00WVALXX:1:1120:5953:48547	1015449	1015524	75
E00121:9:H00UWALXX:7:1120:21147:59500	1015463	1015525	62
E00170:22:H00WVALXX:1:2204:30678:20383	1015416	1015527	111
E00125:9:H05MEALXX:7:1223:16397:3489	1015439	1015528	89
E00121:9:H00UWALXX:7:1107:23685:8903	1015431	1015531	100
E00121:9:H00UWALXX:7:1107:23705:8903	1015432	1015532	100
E00170:22:H00WVALXX:1:2107:15737:69538	1015461	1015534	73
E00170:22:H00WVALXX:1:1117:12987:24585	1015492	1015535	43
E00125:9:H05MEALXX:7:1120:7719:17781	1015455	1015536	81
E00125:9:H05MEALXX:7:1107:30404:57003	1015506	1015538	32
E00170:22:H00WVALXX:1:1108:27339:3981	1015443	1015539	96
E00170:22:H00WVALXX:1:1115:20021:50903	1015468	1015543	75
E00121:9:H00UWALXX:7:1114:22162:19909	1015505	1015545	40
E00121:9:H00UWALXX:7:1108:26405:8833	1015484	1015546	62
E00125:9:H05MEALXX:7:2205:5445:61135	1015460	1015551	91
E00125:9:H05MEALXX:7:2101:4014:68360	1015500	1015553	53
E00170:22:H00WVALXX:1:1103:24842:55808	1015550	1015554	4
E00170:22:H00WVALXX:1:1124:21858:23812	1015495	1015555	60
E00125:9:H05MEALXX:7:1124:19219:47229	1015434	1015557	123
E00125:9:H05MEALXX:7:2224:9627:13316	1015498	1015558	60
E00170:22:H00WVALXX:1:2112:24812:33041	1015440	1015559	119
E00170:22:H00WVALXX:1:1222:27938:20313	1015397	1015560	163
E00170:22:H00WVALXX:1:1215:30526:64949	1015479	1015561	82
E00170:22:H00WVALXX:1:1208:7414:25798	1015499	1015562	63
E00170:22:H00WVALXX:1:2215:10581:51993	1015446	1015563	117
E00121:9:H00UWALXX:7:1115:19950:37032	1015489	1015564	75
E00170:22:H00WVALXX:1:1111:26720:40425	1015469	1015565	96
E00170:22:H00WVALXX:1:1203:5181:27380	1015485	1015566	81
E00125:9:H05MEALXX:7:2222:11566:40372	1015509	1015570	61
E00170:22:H00WVALXX:1:1114:20122:36030	1015494	1015571	77
E00170:22:H00WVALXX:1:2111:18600:21403	1015513	1015572	59
E00170:22:H00WVALXX:1:2111:18610:21280	1015514	1015573	59
E00121:9:H00UWALXX:7:2101:6795:63965	1015503	1015574	71
E00121:9:H00UWALXX:7:2101:6805:63701	1015504	1015575	71
E00170:22:H00WVALXX:1:2210:8582:62172	1015530	1015576	46
E00170:22:H00WVALXX:1:1203:24548:11453	1015447	1015578	131
E00170:22:H00WVALXX:1:1114:21046:39106	1015568	1015585	17
E00170:22:H00WVALXX:1:2203:19219:21104	1015569	1015586	17
E00170:22:H00WVALXX:1:2203:29014:53645	1015515	1015588	73
E00170:22:H00WVALXX:1:2220:22558:15496	1015507	1015589	82
E00125:9:H05MEALXX:7:2207:15605:2258	1015547	1015590	43
E00125:9:H05MEALXX:7:2207:15616:2170	1015548	1015591	43
E00170:22:H00WVALXX:1:2104:7242:22440	1015549	1015592	43
E00170:22:H00WVALXX:1:2105:32160:66092	1015512	1015593	81
E00121:9:H00UWALXX:7:1121:15301:55702	1015529	1015595	66
E00170:22:H00WVALXX:1:2105:6856:13228	1015526	1015596	70
E00121:9:H00UWALXX:7:1118:2725:50938	1015521	1015597	76
E00170:22:H00WVALXX:1:1209:22213:24814	1015537	1015598	61
E00170:22:H00WVALXX:1:2223:26212:37085	1015541	1015599	58
E00170:22:H00WVALXX:1:2116:21290:65442	1015511	1015600	89
E00170:22:H00WVALXX:1:2108:10399:29842	1015544	1015601	57
E00170:22:H00WVALXX:1:1206:22568:64246	1015579	1015602	23
E00170:22:H00WVALXX:1:1102:19087:2662	1015533	1015603	70
E00170:22:H00WVALXX:1:2221:20721:25077	1015552	1015604	52
E00170:22:H00WVALXX:1:2214:2979:50991	1015556	1015605	49
E00170:22:H00WVALXX:1:1222:9282:59869	1015542	1015608	66
E00170:22:H00WVALXX:1:1201:16204:68835	1015567	1015609	42
E00170:22:H00WVALXX:1:1121:18245:6091	1015540	1015610	70
E00121:9:H00UWALXX:7:1114:16671:55052	1015582	1015613	31
E00170:22:H00WVALXX:1:2212:25563:40777	1015583	1015614	31
E00170:22:H00WVALXX:1:2102:4623:47264	1015587	1015616	29
E00170:22:H00WVALXX:1:2103:5334:41357	1015581	1015619	38
E00121:9:H00UWALXX:7:1109:23512:72562	1015577	1015620	43
E00121:9:H00UWALXX:7:1121:1507:56107	1015607	1015641	34
E00170:22:H00WVALXX:1:2207:29420:52133	1015606	1015642	36
E00125:9:H05MEALXX:7:1213:29856:25605	1015639	1015647	8
E00125:9:H05MEALXX:7:2102:12967:63824	1015618	1015648	30
E00125:9:H05MEALXX:7:2218:6379:29525	1015624	1015650	26
E00125:9:H05MEALXX:7:2124:16032:42517	1015584	1015651	67
E00170:22:H00WVALXX:1:1115:25421:7268	1015623	1015653	30
E00170:22:H00WVALXX:1:1108:11982:24567	1015625	1015655	30
E00170:22:H00WVALXX:1:1101:13718:62348	1015627	1015656	29
E00170:22:H00WVALXX:1:1101:13728:62365	1015628	1015657	29
E00170:22:H00WVALXX:1:1206:29156:63736	1015630	1015658	28
E00170:22:H00WVALXX:1:1212:20173:41111	1015629	1015659	30
E00170:22:H00WVALXX:1:2207:16600:46631	1015631	1015660	29
E00170:22:H00WVALXX:1:2114:10185:57917	1015612	1015661	49
E00170:22:H00WVALXX:1:1119:29166:51377	1015640	1015662	22
E00170:22:H00WVALXX:1:1212:13301:4878	1015621	1015663	42
E00170:22:H00WVALXX:1:1101:20447:56704	1015580	1015664	84
E00170:22:H00WVALXX:1:2213:27613:37577	1015617	1015672	55
E00170:22:H00WVALXX:1:2115:18113:62963	1015611	1015676	65
E00170:22:H00WVALXX:1:1115:7983:23829	1015594	1015680	86
E00170:22:H00WVALXX:1:2206:9820:70786	1015615	1015681	66
E00121:9:H00UWALXX:7:1124:20285:63420	1015632	1015682	50
E00125:9:H05MEALXX:7:2104:9008:56300	1015644	1015683	39
E00170:22:H00WVALXX:1:2204:15707:62348	1015622	1015684	62
E00170:22:H00WVALXX:1:1206:21990:55263	1015636	1015687	51
E00170:22:H00WVALXX:1:2122:2624:57970	1015635	1015688	53
E00170:22:H00WVALXX:1:2218:31896:12718	1015637	1015691	54
E00121:9:H00UWALXX:7:1121:26507:54366	1015643	1015694	51
E00125:9:H05MEALXX:7:2108:25136:42675	1015645	1015695	50
E00170:22:H00WVALXX:1:1213:25248:9220	1015646	1015696	50
E00125:9:H05MEALXX:7:1108:2299:63350	1015678	1015697	19
E00170:22:H00WVALXX:1:2201:25157:54735	1015638	1015698	60
E00125:9:H05MEALXX:7:1112:5811:12121	1015633	1015703	70
E00125:9:H05MEALXX:7:1204:4562:69977	1015634	1015704	70
E00121:9:H00UWALXX:7:1110:4704:43396	1015649	1015705	56
E00121:9:H00UWALXX:7:1122:15474:11242	1015669	1015706	37
E00125:9:H05MEALXX:7:2206:19442:33727	1015670	1015707	37
E00125:9:H05MEALXX:7:2206:19493:33744	1015671	1015708	37
E00170:22:H00WVALXX:1:2221:27877:31600	1015654	1015711	57
E00170:22:H00WVALXX:1:1201:30628:14459	1015666	1015714	48
E00121:9:H00UWALXX:7:1102:12337:9571	1015690	1015715	25
E00170:22:H00WVALXX:1:2113:14794:31441	1015667	1015716	49
E00170:22:H00WVALXX:1:2113:22751:12384	1015674	1015720	46
E00125:9:H05MEALXX:7:1216:11840:70593	1015652	1015721	69
E00125:9:H05MEALXX:7:1224:27095:72228	1015686	1015723	37
E00170:22:H00WVALXX:1:1224:26517:71331	1015673	1015727	54
E00121:9:H00UWALXX:7:1111:6694:49268	1015665	1015728	63
E00125:9:H05MEALXX:7:1109:16245:22774	1015712	1015729	17
E00170:22:H00WVALXX:1:2209:12408:7726	1015675	1015730	55
E00170:22:H00WVALXX:1:2222:18681:26255	1015713	1015731	18
E00170:22:H00WVALXX:1:2115:17372:29402	1015685	1015733	48
E00170:22:H00WVALXX:1:2115:31389:18977	1015668	1015734	66
E00121:9:H00UWALXX:7:1101:22305:62137	1015679	1015736	57
E00170:22:H00WVALXX:1:2201:11089:63701	1015626	1015737	111
E00170:22:H00WVALXX:1:2207:32333:3524	1015718	1015740	22
E00170:22:H00WVALXX:1:2109:15839:40671	1015702	1015742	40
E00125:9:H05MEALXX:7:1122:23756:30369	1015709	1015745	36
E00170:22:H00WVALXX:1:1211:19300:68923	1015699	1015746	47
E00170:22:H00WVALXX:1:2122:31094:16428	1015700	1015747	47
E00170:22:H00WVALXX:1:2122:31105:16410	1015701	1015748	47
E00170:22:H00WVALXX:1:2211:19858:42113	1015689	1015753	64
E00170:22:H00WVALXX:1:1214:23441:10767	1015692	1015758	66
E00170:22:H00WVALXX:1:1219:22122:9571	1015717	1015763	46
E00125:9:H05MEALXX:7:2212:27583:27468	1015710	1015765	55
E00125:9:H05MEALXX:7:1116:28790:58849	1015744	1015776	32
E00170:22:H00WVALXX:1:1110:23969:43255	1015772	1015781	9
E00170:22:H00WVALXX:1:1110:24000:43238	1015773	1015782	9
E00170:22:H00WVALXX:1:2117:6105:36223	1015774	1015783	9
E00170:22:H00WVALXX:1:2117:6339:36452	1015775	1015784	9
E00170:22:H00WVALXX:1:1101:27725:36399	1015741	1015786	45
E00170:22:H00WVALXX:1:2221:4877:51079	1015755	1015787	32
E00121:9:H00UWALXX:7:1118:4644:40653	1015693	1015788	95
E00170:22:H00WVALXX:1:2121:25745:69608	1015677	1015789	112
E00170:22:H00WVALXX:1:2103:23573:49707	1015752	1015790	38
E00170:22:H00WVALXX:1:1104:24345:25376	1015719	1015794	75
E00170:22:H00WVALXX:1:1201:27045:6249	1015768	1015801	33
E00121:9:H00UWALXX:7:1111:27105:19680	1015724	1015802	78
E00170:22:H00WVALXX:1:1102:29816:60414	1015725	1015803	78
E00170:22:H00WVALXX:1:1219:20203:58357	1015804	1015805	1
E00121:9:H00UWALXX:7:1121:17321:60291	1015759	1015807	48
E00125:9:H05MEALXX:7:1209:14093:33569	1015760	1015808	48
E00170:22:H00WVALXX:1:1209:6623:70276	1015761	1015809	48
E00125:9:H05MEALXX:7:1109:26466:31828	1015756	1015812	56
E00121:9:H00UWALXX:7:1113:12500:35168	1015777	1015813	36
E00170:22:H00WVALXX:1:1207:8612:14090	1015749	1015814	65
E00170:22:H00WVALXX:1:1207:8622:14107	1015750	1015815	65
E00170:22:H00WVALXX:1:1207:8673:14019	1015751	1015816	65
E00170:22:H00WVALXX:1:2212:15636:65635	1015770	1015818	48
E00170:22:H00WVALXX:1:1222:26740:60572	1015735	1015822	87
E00170:22:H00WVALXX:1:1104:10957:37665	1015726	1015824	98
E00125:9:H05MEALXX:7:1121:29399:4245	1015800	1015828	28
E00170:22:H00WVALXX:1:1213:27471:17746	1015722	1015829	107
E00170:22:H00WVALXX:1:1105:9678:58163	1015739	1015830	91
E00121:9:H00UWALXX:7:1102:28405:16234	1015732	1015832	100
E00170:22:H00WVALXX:1:2108:24791:47879	1015778	1015833	55
E00170:22:H00WVALXX:1:1222:26446:71700	1015769	1015834	65
E00170:22:H00WVALXX:1:1124:31906:29789	1015762	1015836	74
E00170:22:H00WVALXX:1:1211:11941:51079	1015738	1015838	100
E00125:9:H05MEALXX:7:1103:13383:3612	1015767	1015841	74
E00125:9:H05MEALXX:7:2103:30516:12894	1015819	1015842	23
E00170:22:H00WVALXX:1:1105:10662:17535	1015743	1015846	103
E00121:9:H00UWALXX:7:1118:3953:7356	1015797	1015847	50
E00170:22:H00WVALXX:1:1124:32099:57865	1015757	1015848	91
E00170:22:H00WVALXX:1:2102:14509:54155	1015810	1015849	39
E00170:22:H00WVALXX:1:2102:14540:54173	1015811	1015850	39
E00170:22:H00WVALXX:1:2209:3801:65073	1015754	1015853	99
E00170:22:H00WVALXX:1:2110:16803:50147	1015799	1015854	55
E00121:9:H00UWALXX:7:1103:12845:28980	1015779	1015855	76
E00125:9:H05MEALXX:7:1107:19371:27486	1015780	1015856	76
E00170:22:H00WVALXX:1:2102:5384:24638	1015785	1015857	72
E00170:22:H00WVALXX:1:2120:22690:57531	1015798	1015861	63
E00170:22:H00WVALXX:1:2220:18559:4878	1015764	1015865	101
E00125:9:H05MEALXX:7:2114:23096:38966	1015795	1015872	77
E00170:22:H00WVALXX:1:1223:18874:51940	1015796	1015873	77
E00125:9:H05MEALXX:7:2213:22284:66215	1015793	1015874	81
E00121:9:H00UWALXX:7:1120:6968:57267	1015863	1015876	13
E00121:9:H00UWALXX:7:1201:2065:67938	1015877	1015878	1
E00170:22:H00WVALXX:1:2115:30607:48494	1015766	1015879	113
E00125:9:H05MEALXX:7:1219:18123:65618	1015823	1015881	58
E00170:22:H00WVALXX:1:1116:19554:54946	1015771	1015882	111
E00170:22:H00WVALXX:1:1107:11485:9466	1015806	1015886	80
E00121:9:H00UWALXX:7:1119:8937:44363	1015791	1015889	98
E00170:22:H00WVALXX:1:2103:25938:53557	1015821	1015890	69
E00170:22:H00WVALXX:1:1106:16407:15777	1015817	1015894	77
E00125:9:H05MEALXX:7:2204:16438:3629	1015825	1015897	72
E00121:9:H00UWALXX:7:1108:21756:24233	1015840	1015898	58
E00170:22:H00WVALXX:1:1205:12743:44310	1015820	1015901	81
E00121:9:H00UWALXX:7:1114:22142:65407	1015862	1015902	40
E00170:22:H00WVALXX:1:1211:11688:17412	1015864	1015903	39
E00121:9:H00UWALXX:7:1123:31338:52292	1015852	1015911	59
E00170:22:H00WVALXX:1:2116:7841:2205	1015845	1015912	67
E00170:22:H00WVALXX:1:1117:30272:57759	1015875	1015915	40
E00170:22:H00WVALXX:1:2107:12327:53997	1015826	1015916	90
E00125:9:H05MEALXX:7:1113:3588:69028	1015839	1015920	81
E00170:22:H00WVALXX:1:1121:23330:35081	1015827	1015921	94
E00170:22:H00WVALXX:1:2122:5202:7479	1015792	1015922	130
E00125:9:H05MEALXX:7:1121:25877:37911	1015869	1015923	54
E00170:22:H00WVALXX:1:1220:23624:19452	1015871	1015924	53
E00170:22:H00WVALXX:1:1124:26862:19961	1015859	1015929	70
E00121:9:H00UWALXX:7:1117:27958:34799	1015835	1015930	95
E00170:22:H00WVALXX:1:1105:2776:40618	1015870	1015934	64
E00125:9:H05MEALXX:7:1218:14489:8868	1015860	1015935	75
E00121:9:H00UWALXX:7:1122:21005:18467	1015892	1015936	44
E00170:22:H00WVALXX:1:1206:32708:20665	1015851	1015937	86
E00170:22:H00WVALXX:1:1123:8440:59851	1015844	1015938	94
E00125:9:H05MEALXX:7:1123:6379:18379	1015831	1015940	109
E00125:9:H05MEALXX:7:2106:28801:41392	1015884	1015941	57
E00170:22:H00WVALXX:1:1110:19412:24567	1015837	1015942	105
E00170:22:H00WVALXX:1:2211:27684:19592	1015885	1015943	58
E00170:22:H00WVALXX:1:2107:4329:28611	1015867	1015944	77
E00125:9:H05MEALXX:7:1102:16803:71314	1015899	1015947	48
E00121:9:H00UWALXX:7:1114:10794:4192	1015866	1015948	82
E00125:9:H05MEALXX:7:2218:27105:16481	1015887	1015949	62
E00170:22:H00WVALXX:1:2118:6795:57460	1015888	1015950	62
E00170:22:H00WVALXX:1:1204:30161:57214	1015858	1015951	93
E00125:9:H05MEALXX:7:1206:30171:58919	1015895	1015954	59
E00170:22:H00WVALXX:1:1111:24274:64387	1015896	1015955	59
E00170:22:H00WVALXX:1:2218:16621:61433	1015868	1015956	88
E00170:22:H00WVALXX:1:1111:15220:39282	1015904	1015957	53
E00170:22:H00WVALXX:1:1113:29044:18502	1015905	1015958	53
E00170:22:H00WVALXX:1:1105:25898:45013	1015891	1015960	69
E00170:22:H00WVALXX:1:1117:15291:20067	1015843	1015961	118
E00125:9:H05MEALXX:7:1124:7689:58656	1015883	1015962	79
E00170:22:H00WVALXX:1:1103:30546:20436	1015900	1015964	64
E00170:22:H00WVALXX:1:1204:19676:49742	1015945	1015969	24
E00170:22:H00WVALXX:1:1115:6278:36628	1015910	1015976	66
E00125:9:H05MEALXX:7:1120:32282:35573	1015880	1015980	100
E00170:22:H00WVALXX:1:1209:6937:25921	1015933	1015982	49
E00170:22:H00WVALXX:1:1220:21807:43871	1015909	1015985	76
E00170:22:H00WVALXX:1:1106:31937:32584	1015906	1015986	80
E00170:22:H00WVALXX:1:1106:31947:32602	1015907	1015987	80
E00170:22:H00WVALXX:1:2214:7110:72597	1015908	1015988	80
E00170:22:H00WVALXX:1:1119:5070:24550	1015946	1015990	44
E00170:22:H00WVALXX:1:1112:11363:5563	1015919	1015994	75
E00170:22:H00WVALXX:1:1119:23726:49444	1015914	1015998	84
E00170:22:H00WVALXX:1:1209:19503:14107	1015970	1016000	30
E00170:22:H00WVALXX:1:1209:19716:14054	1015971	1016001	30
E00170:22:H00WVALXX:1:1209:19737:14054	1015972	1016002	30
E00170:22:H00WVALXX:1:2119:11596:45101	1015953	1016003	50
E00170:22:H00WVALXX:1:2113:29298:23442	1015939	1016005	66
E00170:22:H00WVALXX:1:2105:11880:3541	1015965	1016008	43
E00170:22:H00WVALXX:1:1110:9749:1572	1015893	1016009	116
E00170:22:H00WVALXX:1:1106:5252:41427	1015917	1016013	96
E00125:9:H05MEALXX:7:1123:31186:10292	1015925	1016014	89
E00170:22:H00WVALXX:1:1204:5456:56124	1015926	1016015	89
E00170:22:H00WVALXX:1:2223:24903:16076	1015927	1016016	89
E00170:22:H00WVALXX:1:1217:25563:64580	1015983	1016021	38
E00121:9:H00UWALXX:7:1117:30587:19276	1015931	1016022	91
E00125:9:H05MEALXX:7:1106:22335:49321	1015913	1016023	110
E00170:22:H00WVALXX:1:2101:8835:66760	1015932	1016025	93
E00125:9:H05MEALXX:7:1211:4552:4913	1015993	1016028	35
E00170:22:H00WVALXX:1:2103:24517:41181	1015918	1016032	114
E00170:22:H00WVALXX:1:1118:23157:38438	1015963	1016033	70
E00125:9:H05MEALXX:7:2105:23289:68096	1015973	1016034	61
E00170:22:H00WVALXX:1:2209:10510:70962	1015952	1016035	83
E00170:22:H00WVALXX:1:2119:10236:5721	1015979	1016036	57
E00125:9:H05MEALXX:7:2123:10013:15180	1015989	1016037	48
E00125:9:H05MEALXX:7:1108:16326:1186	1015999	1016041	42
E00125:9:H05MEALXX:7:2211:18833:70153	1015974	1016051	77
E00170:22:H00WVALXX:1:1220:23350:35749	1016007	1016054	47
E00125:9:H05MEALXX:7:2224:21594:48459	1015968	1016055	87
E00125:9:H05MEALXX:7:1220:4512:52309	1015995	1016056	61
E00170:22:H00WVALXX:1:2111:21320:29525	1015996	1016057	61
E00170:22:H00WVALXX:1:1216:30100:13967	1015978	1016063	85
E00170:22:H00WVALXX:1:2203:4065:30580	1016006	1016064	58
E00121:9:H00UWALXX:7:1112:17899:34008	1015997	1016065	68
E00125:9:H05MEALXX:7:2218:12124:4104	1016010	1016066	56
E00121:9:H00UWALXX:7:1120:26771:53452	1015977	1016067	90
E00170:22:H00WVALXX:1:1108:17493:30070	1016030	1016068	38
E00170:22:H00WVALXX:1:2205:26354:52169	1016031	1016069	38
E00121:9:H00UWALXX:7:1114:11403:28418	1015928	1016071	143
E00125:9:H05MEALXX:7:2213:21107:49127	1016011	1016073	62
E00170:22:H00WVALXX:1:1209:29836:17483	1016012	1016074	62
E00170:22:H00WVALXX:1:2220:13900:35204	1015966	1016076	110
E00170:22:H00WVALXX:1:1112:11688:59605	1015975	1016078	103
E00170:22:H00WVALXX:1:1103:28161:71472	1016024	1016082	58
E00170:22:H00WVALXX:1:2103:27136:47369	1016020	1016083	63
E00170:22:H00WVALXX:1:1108:20376:16779	1015991	1016084	93
E00170:22:H00WVALXX:1:2216:25502:10116	1016042	1016085	43
E00170:22:H00WVALXX:1:1114:14712:7462	1015967	1016086	119
E00121:9:H00UWALXX:7:1116:21959:22440	1015959	1016088	129
E00170:22:H00WVALXX:1:2102:22284:33516	1016075	1016089	14
E00170:22:H00WVALXX:1:1208:14763:55509	1015981	1016090	109
E00170:22:H00WVALXX:1:1207:14672:62770	1016019	1016091	72
E00121:9:H00UWALXX:7:1110:3801:4596	1016040	1016093	53
E00170:22:H00WVALXX:1:2116:28445:11593	1015992	1016094	102
E00170:22:H00WVALXX:1:1215:18001:8341	1016038	1016095	57
E00170:22:H00WVALXX:1:1106:10622:56247	1016059	1016096	37
E00170:22:H00WVALXX:1:1123:32800:16604	1016060	1016097	37
E00125:9:H05MEALXX:7:1101:17493:5317	1016026	1016102	76
E00125:9:H05MEALXX:7:1113:10165:47439	1016049	1016104	55
E00121:9:H00UWALXX:7:1112:13109:62629	1016106	1016108	2
E00121:9:H00UWALXX:7:1118:7820:44363	1016061	1016111	50
E00121:9:H00UWALXX:7:1121:18854:31512	1015984	1016113	129
E00170:22:H00WVALXX:1:2116:20224:14195	1016004	1016114	110
E00170:22:H00WVALXX:1:2123:25289:38052	1016072	1016117	45
E00170:22:H00WVALXX:1:2210:10805:71999	1016070	1016118	48
E00170:22:H00WVALXX:1:2224:30932:21069	1016077	1016121	44
E00121:9:H00UWALXX:7:1115:16793:63490	1016101	1016122	21
E00125:9:H05MEALXX:7:2123:22325:23073	1016045	1016125	80
E00170:22:H00WVALXX:1:2219:20498:71806	1016018	1016128	110
E00125:9:H05MEALXX:7:1201:4704:71806	1016058	1016130	72
E00170:22:H00WVALXX:1:1107:1791:5897	1016047	1016131	84
E00170:22:H00WVALXX:1:2102:32333:62664	1016039	1016133	94
E00121:9:H00UWALXX:7:1103:13728:59798	1016048	1016134	86
E00170:22:H00WVALXX:1:1211:22000:44662	1016052	1016135	83
E00170:22:H00WVALXX:1:1211:22020:44662	1016053	1016136	83
E00170:22:H00WVALXX:1:2206:12337:55808	1016029	1016137	108
E00170:22:H00WVALXX:1:2213:10023:59711	1016043	1016141	98
E00170:22:H00WVALXX:1:1222:21655:21807	1016103	1016146	43
E00170:22:H00WVALXX:1:2201:2258:35432	1016017	1016150	133
E00170:22:H00WVALXX:1:1117:7952:12595	1016120	1016154	34
E00170:22:H00WVALXX:1:2116:28181:11417	1016092	1016155	63
E00170:22:H00WVALXX:1:2116:10246:36821	1016109	1016156	47
E00125:9:H05MEALXX:7:1121:2197:28154	1016158	1016159	1
E00125:9:H05MEALXX:7:2205:2461:24181	1016081	1016162	81
E00121:9:H00UWALXX:7:1102:27562:12666	1016124	1016165	41
E00125:9:H05MEALXX:7:1220:18732:58550	1016079	1016167	88
E00170:22:H00WVALXX:1:2223:21868:48688	1016050	1016168	118
E00170:22:H00WVALXX:1:2108:23766:60836	1016062	1016172	110
E00170:22:H00WVALXX:1:1222:18407:3735	1016157	1016173	16
E00170:22:H00WVALXX:1:2111:20843:61328	1016127	1016174	47
E00170:22:H00WVALXX:1:1118:18732:68466	1016116	1016176	60
E00121:9:H00UWALXX:7:1119:23167:51008	1016098	1016178	80
E00121:9:H00UWALXX:7:1124:5648:12402	1016126	1016179	53
E00121:9:H00UWALXX:7:1106:21330:23284	1016112	1016181	69
E00170:22:H00WVALXX:1:1111:24335:64246	1016140	1016183	43
E00170:22:H00WVALXX:1:2112:15514:40390	1016044	1016184	140
E00170:22:H00WVALXX:1:2102:32485:38561	1016107	1016186	79
E00125:9:H05MEALXX:7:1202:11414:54806	1016099	1016187	88
E00121:9:H00UWALXX:7:1122:8105:37682	1016100	1016188	88
E00170:22:H00WVALXX:1:2110:11992:24058	1016087	1016189	102
E00170:22:H00WVALXX:1:1108:24538:14213	1016110	1016190	80
E00121:9:H00UWALXX:7:1102:9221:67042	1016119	1016191	72
E00170:22:H00WVALXX:1:2118:32647:54524	1016115	1016194	79
E00170:22:H00WVALXX:1:1111:10835:43396	1016180	1016195	15
E00170:22:H00WVALXX:1:2116:26943:64826	1016145	1016196	51
E00125:9:H05MEALXX:7:1208:14327:33199	1016129	1016198	69
E00170:22:H00WVALXX:1:2210:32688:5335	1016105	1016199	94
E00170:22:H00WVALXX:1:1110:20843:14670	1016160	1016205	45
E00170:22:H00WVALXX:1:1110:20863:14670	1016161	1016206	45
E00170:22:H00WVALXX:1:2109:14408:28453	1016080	1016208	128
E00170:22:H00WVALXX:1:1221:16854:29806	1016147	1016210	63
E00121:9:H00UWALXX:7:1112:5648:12929	1016138	1016214	76
E00170:22:H00WVALXX:1:1107:30871:34430	1016139	1016215	76
E00170:22:H00WVALXX:1:1215:23928:67094	1016175	1016216	41
E00170:22:H00WVALXX:1:2208:15839:34412	1016132	1016218	86
E00125:9:H05MEALXX:7:1107:4126:59623	1016123	1016225	102
E00125:9:H05MEALXX:7:1113:9312:66918	1016164	1016230	66
E00170:22:H00WVALXX:1:1109:31856:28505	1016149	1016232	83
E00125:9:H05MEALXX:7:1113:25035:67252	1016142	1016234	92
E00170:22:H00WVALXX:1:2201:9566:9167	1016143	1016235	92
E00125:9:H05MEALXX:7:1111:19422:18713	1016182	1016236	54
E00125:9:H05MEALXX:7:2211:26222:64668	1016197	1016250	53
E00125:9:H05MEALXX:7:2109:16549:16867	1016166	1016251	85
E00170:22:H00WVALXX:1:2223:9211:44978	1016170	1016252	82
E00125:9:H05MEALXX:7:1122:19006:38034	1016219	1016253	34
E00170:22:H00WVALXX:1:2116:27369:57513	1016220	1016254	34
E00170:22:H00WVALXX:1:2101:27055:12666	1016169	1016255	86
E00121:9:H00UWALXX:7:1119:13494:26449	1016151	1016257	106
E00121:9:H00UWALXX:7:1122:15007:14617	1016152	1016258	106
E00170:22:H00WVALXX:1:2123:15078:70048	1016153	1016259	106
E00170:22:H00WVALXX:1:1219:20153:7251	1016171	1016260	89
E00170:22:H00WVALXX:1:2203:22010:52485	1016177	1016261	84
E00121:9:H00UWALXX:7:1101:17940:4297	1016201	1016262	61
E00170:22:H00WVALXX:1:2123:30201:64387	1016202	1016263	61
E00170:22:H00WVALXX:1:1203:5770:42324	1016200	1016265	65
E00170:22:H00WVALXX:1:1119:6085:48108	1016227	1016269	42
E00170:22:H00WVALXX:1:1119:6115:48125	1016228	1016270	42
E00170:22:H00WVALXX:1:2217:25055:22036	1016203	1016273	70
E00170:22:H00WVALXX:1:2222:17717:56054	1016204	1016274	70
E00125:9:H05MEALXX:7:2211:14936:29683	1016207	1016278	71
E00170:22:H00WVALXX:1:2111:29420:65283	1016148	1016280	132
E00170:22:H00WVALXX:1:2211:21777:16639	1016212	1016281	69
E00170:22:H00WVALXX:1:2211:21939:16604	1016213	1016282	69
E00170:22:H00WVALXX:1:1106:22426:36258	1016144	1016285	141
E00125:9:H05MEALXX:7:1209:29775:28734	1016192	1016286	94
E00170:22:H00WVALXX:1:1213:16621:10029	1016193	1016287	94
E00125:9:H05MEALXX:7:2210:2573:45928	1016239	1016288	49
E00125:9:H05MEALXX:7:2217:17717:45787	1016240	1016289	49
E00125:9:H05MEALXX:7:2217:18153:46719	1016241	1016290	49
E00125:9:H05MEALXX:7:1102:27765:58902	1016242	1016292	50
E00125:9:H05MEALXX:7:1203:8206:53434	1016221	1016299	78
E00170:22:H00WVALXX:1:2209:10876:72052	1016222	1016300	78
E00125:9:H05MEALXX:7:2122:31145:49039	1016229	1016301	72
E00121:9:H00UWALXX:7:1116:29186:28171	1016209	1016305	96
E00125:9:H05MEALXX:7:2219:30313:37999	1016238	1016308	70
E00170:22:H00WVALXX:1:2114:22599:21544	1016211	1016309	98
E00170:22:H00WVALXX:1:1201:29968:69995	1016243	1016314	71
E00170:22:H00WVALXX:1:1110:13210:66637	1016223	1016317	94
E00121:9:H00UWALXX:7:1110:23827:60906	1016226	1016323	97
E00170:22:H00WVALXX:1:2212:23157:13474	1016163	1016324	161
E00121:9:H00UWALXX:7:1115:4999:27556	1016302	1016328	26
E00170:22:H00WVALXX:1:2213:2329:38720	1016185	1016330	145
E00121:9:H00UWALXX:7:1101:3436:54876	1016233	1016331	98
E00125:9:H05MEALXX:7:1218:7232:64897	1016275	1016334	59
E00125:9:H05MEALXX:7:1109:31764:22229	1016244	1016340	96
E00170:22:H00WVALXX:1:1210:18417:21544	1016245	1016341	96
E00170:22:H00WVALXX:1:2112:9647:24110	1016246	1016342	96
E00125:9:H05MEALXX:7:2223:7557:5827	1016247	1016343	96
E00125:9:H05MEALXX:7:2223:8013:7356	1016248	1016344	96
E00170:22:H00WVALXX:1:2107:13494:20506	1016249	1016345	96
E00125:9:H05MEALXX:7:2210:4268:56528	1016283	1016347	64
E00125:9:H05MEALXX:7:2210:4319:56441	1016284	1016348	64
E00170:22:H00WVALXX:1:1206:12226:28119	1016276	1016349	73
E00170:22:H00WVALXX:1:2210:19351:66127	1016268	1016350	82
E00170:22:H00WVALXX:1:1211:20518:35098	1016267	1016352	85
E00170:22:H00WVALXX:1:2112:25481:65846	1016325	1016353	28
E00170:22:H00WVALXX:1:2112:25492:65828	1016326	1016354	28
E00170:22:H00WVALXX:1:2203:25776:20366	1016294	1016355	61
E00170:22:H00WVALXX:1:2108:14844:17289	1016272	1016356	84
E00125:9:H05MEALXX:7:1203:29003:68887	1016329	1016357	28
E00170:22:H00WVALXX:1:2112:19666:19663	1016224	1016358	134
E00125:9:H05MEALXX:7:1110:22467:11083	1016318	1016359	41
E00121:9:H00UWALXX:7:1121:11525:9114	1016264	1016361	97
E00170:22:H00WVALXX:1:1119:20234:28629	1016256	1016362	106
E00170:22:H00WVALXX:1:2102:2492:17166	1016266	1016363	97
E00170:22:H00WVALXX:1:2216:7516:13351	1016271	1016364	93
E00170:22:H00WVALXX:1:2108:27877:36698	1016313	1016365	52
E00125:9:H05MEALXX:7:2114:12601:6934	1016295	1016366	71
E00125:9:H05MEALXX:7:2114:12784:6829	1016296	1016367	71
E00125:9:H05MEALXX:7:2118:9749:52274	1016310	1016368	58
E00170:22:H00WVALXX:1:1113:25735:10275	1016303	1016369	66
E00170:22:H00WVALXX:1:1204:17869:5440	1016304	1016370	66
E00125:9:H05MEALXX:7:2123:14692:33270	1016217	1016374	157
E00170:22:H00WVALXX:1:2217:26273:51852	1016277	1016375	98
E00125:9:H05MEALXX:7:2112:8957:41480	1016231	1016382	151
E00170:22:H00WVALXX:1:1111:11018:18467	1016311	1016383	72
E00125:9:H05MEALXX:7:2113:12540:72825	1016293	1016385	92
E00125:9:H05MEALXX:7:1207:11962:70136	1016336	1016387	51
E00170:22:H00WVALXX:1:2214:28445:12402	1016312	1016391	79
E00125:9:H05MEALXX:7:2223:24822:49655	1016237	1016392	155
E00170:22:H00WVALXX:1:1217:27978:40249	1016297	1016393	96
E00170:22:H00WVALXX:1:2113:14509:37630	1016322	1016394	72
E00170:22:H00WVALXX:1:1109:6085:58339	1016298	1016398	100
E00170:22:H00WVALXX:1:2124:14327:1660	1016321	1016399	78
E00170:22:H00WVALXX:1:1208:23766:62066	1016337	1016400	63
E00170:22:H00WVALXX:1:1105:31358:34571	1016306	1016401	95
E00170:22:H00WVALXX:1:2218:22233:44785	1016319	1016402	83
E00121:9:H00UWALXX:7:1104:12652:52380	1016279	1016403	124
E00170:22:H00WVALXX:1:2104:13017:17711	1016291	1016406	115
E00125:9:H05MEALXX:7:1211:27430:45101	1016320	1016409	89
E00170:22:H00WVALXX:1:2220:17960:66567	1016316	1016414	98
E00170:22:H00WVALXX:1:1113:18519:17852	1016335	1016415	80
E00121:9:H00UWALXX:7:1113:9546:55720	1016338	1016419	81
E00170:22:H00WVALXX:1:1105:30059:10556	1016384	1016424	40
E00170:22:H00WVALXX:1:1124:14550:26554	1016376	1016427	51
E00170:22:H00WVALXX:1:2207:28770:14230	1016327	1016429	102
E00121:9:H00UWALXX:7:1115:18488:39599	1016378	1016430	52
E00170:22:H00WVALXX:1:2123:3050:29842	1016379	1016431	52
E00170:22:H00WVALXX:1:2213:29491:50674	1016380	1016432	52
E00170:22:H00WVALXX:1:1211:20285:37999	1016351	1016434	83
E00125:9:H05MEALXX:7:2201:15169:46754	1016339	1016442	103
E00121:9:H00UWALXX:7:1106:5943:54190	1016346	1016443	97
E00170:22:H00WVALXX:1:1124:23827:66532	1016307	1016444	137
E00170:22:H00WVALXX:1:1201:13433:54225	1016404	1016448	44
E00121:9:H00UWALXX:7:1111:18985:20524	1016315	1016451	136
E00170:22:H00WVALXX:1:1218:28070:38895	1016360	1016452	92
E00121:9:H00UWALXX:7:1109:22203:34711	1016381	1016454	73
E00170:22:H00WVALXX:1:1102:15281:36786	1016373	1016455	82
E00125:9:H05MEALXX:7:2120:27024:28084	1016377	1016456	79
E00121:9:H00UWALXX:7:1115:3253:48653	1016405	1016457	52
E00125:9:H05MEALXX:7:1214:5496:40337	1016389	1016461	72
E00125:9:H05MEALXX:7:1121:30191:63877	1016408	1016462	54
E00121:9:H00UWALXX:7:1104:11322:24058	1016397	1016464	67
E00170:22:H00WVALXX:1:2102:21076:27521	1016465	1016466	1
E00170:22:H00WVALXX:1:2102:21087:27539	1016467	1016468	1
E00170:22:H00WVALXX:1:1116:29135:29666	1016411	1016469	58
E00170:22:H00WVALXX:1:1205:23857:67815	1016386	1016470	84
E00125:9:H05MEALXX:7:2106:17280:13175	1016332	1016471	139
E00170:22:H00WVALXX:1:2201:3030:17008	1016371	1016475	104
E00170:22:H00WVALXX:1:2201:3080:16920	1016372	1016476	104
E00170:22:H00WVALXX:1:2219:25745:36311	1016395	1016478	83
E00170:22:H00WVALXX:1:2219:25776:36329	1016396	1016479	83
E00170:22:H00WVALXX:1:2123:19919:62154	1016333	1016482	149
E00170:22:H00WVALXX:1:2222:15433:23477	1016407	1016483	76
E00170:22:H00WVALXX:1:2205:22315:21122	1016416	1016484	68
E00121:9:H00UWALXX:7:1102:9505:59623	1016388	1016486	98
E00170:22:H00WVALXX:1:1111:14976:42763	1016390	1016487	97
E00125:9:H05MEALXX:7:1118:17321:20489	1016410	1016488	78
E00170:22:H00WVALXX:1:1206:15809:21913	1016423	1016494	71
E00125:9:H05MEALXX:7:1214:31409:35327	1016433	1016499	66
E00170:22:H00WVALXX:1:1217:21087:52819	1016417	1016502	85
E00170:22:H00WVALXX:1:1121:30993:7919	1016422	1016505	83
E00170:22:H00WVALXX:1:2205:11596:61592	1016435	1016506	71
E00125:9:H05MEALXX:7:1123:28080:13246	1016438	1016508	70
E00170:22:H00WVALXX:1:1103:6846:11101	1016439	1016509	70
E00170:22:H00WVALXX:1:1103:6856:11119	1016440	1016510	70
E00170:22:H00WVALXX:1:2206:25908:14933	1016441	1016511	70
E00125:9:H05MEALXX:7:2103:29420:43765	1016446	1016512	66
E00170:22:H00WVALXX:1:1209:15839:43730	1016447	1016513	66
E00121:9:H00UWALXX:7:1110:31348:32901	1016425	1016514	89
E00170:22:H00WVALXX:1:1124:21777:12736	1016412	1016517	105
E00125:9:H05MEALXX:7:1205:14195:51536	1016421	1016518	97
E00170:22:H00WVALXX:1:1106:29572:69028	1016436	1016523	87
E00170:22:H00WVALXX:1:1224:31490:25025	1016437	1016524	87
E00170:22:H00WVALXX:1:2206:8470:58146	1016418	1016525	107
E00125:9:H05MEALXX:7:1117:9241:30193	1016453	1016527	74
E00170:22:H00WVALXX:1:2220:19838:35467	1016428	1016528	100
E00121:9:H00UWALXX:7:1122:31643:26730	1016472	1016529	57
E00125:9:H05MEALXX:7:2223:17179:59763	1016473	1016530	57
E00170:22:H00WVALXX:1:2117:17544:44398	1016474	1016531	57
E00170:22:H00WVALXX:1:1203:27146:3682	1016450	1016532	82
E00121:9:H00UWALXX:7:1103:2664:29103	1016463	1016533	70
E00170:22:H00WVALXX:1:2123:14804:30580	1016497	1016534	37
E00125:9:H05MEALXX:7:1111:30891:28101	1016538	1016539	1
E00170:22:H00WVALXX:1:1208:6034:64229	1016480	1016541	61
E00170:22:H00WVALXX:1:2112:20985:23214	1016481	1016542	61
E00170:22:H00WVALXX:1:1106:30506:43115	1016413	1016543	130
E00170:22:H00WVALXX:1:1123:20325:66620	1016504	1016546	42
E00170:22:H00WVALXX:1:1112:32180:9378	1016489	1016548	59
E00121:9:H00UWALXX:7:1112:26781:61662	1016503	1016549	46
E00170:22:H00WVALXX:1:1220:29308:30387	1016540	1016550	10
E00170:22:H00WVALXX:1:1120:23279:61609	1016501	1016553	52
E00170:22:H00WVALXX:1:2202:28912:14371	1016426	1016554	128
E00125:9:H05MEALXX:7:1101:6582:47492	1016507	1016556	49
E00170:22:H00WVALXX:1:2124:22396:9835	1016490	1016557	67
E00121:9:H00UWALXX:7:1117:25380:58146	1016458	1016559	101
E00170:22:H00WVALXX:1:2113:24588:5721	1016459	1016560	101
E00170:22:H00WVALXX:1:2224:17717:39985	1016460	1016561	101
E00170:22:H00WVALXX:1:1106:13261:72034	1016547	1016562	15
E00125:9:H05MEALXX:7:2116:25827:1713	1016500	1016563	63
E00170:22:H00WVALXX:1:1212:4248:68342	1016564	1016565	1
E00170:22:H00WVALXX:1:1222:14469:13685	1016449	1016568	119
E00170:22:H00WVALXX:1:2215:30567:3313	1016485	1016569	84
E00170:22:H00WVALXX:1:1121:18600:55403	1016520	1016575	55
E00170:22:H00WVALXX:1:1115:21249:29543	1016420	1016576	156
E00125:9:H05MEALXX:7:2114:19432:1150	1016577	1016578	1
E00170:22:H00WVALXX:1:2220:19229:1608	1016492	1016579	87
E00125:9:H05MEALXX:7:2208:2705:42746	1016580	1016581	1
E00121:9:H00UWALXX:7:2101:24812:42499	1016493	1016582	89
E00121:9:H00UWALXX:7:1103:7973:22616	1016588	1016589	1
E00170:22:H00WVALXX:1:2109:31785:50323	1016591	1016592	1
E00170:22:H00WVALXX:1:2112:30161:20190	1016521	1016594	73
E00121:9:H00UWALXX:7:1122:25999:67270	1016573	1016595	22
E00170:22:H00WVALXX:1:1118:30942:28716	1016496	1016596	100
E00170:22:H00WVALXX:1:2224:20620:56581	1016495	1016598	103
E00125:9:H05MEALXX:7:1107:2685:49356	1016599	1016600	1
E00170:22:H00WVALXX:1:1208:29724:27943	1016526	1016601	75
E00121:9:H00UWALXX:7:1124:8896:4631	1016477	1016603	126
E00125:9:H05MEALXX:7:2215:26902:38069	1016606	1016607	1
E00125:9:H05MEALXX:7:1121:11140:16920	1016555	1016608	53
E00121:9:H00UWALXX:7:1104:4674:56353	1016515	1016609	94
E00121:9:H00UWALXX:7:1107:4400:22370	1016604	1016613	9
E00170:22:H00WVALXX:1:1116:24030:37173	1016519	1016614	95
E00125:9:H05MEALXX:7:2222:4989:41005	1016445	1016615	170
E00170:22:H00WVALXX:1:1203:16377:41673	1016498	1016616	118
E00121:9:H00UWALXX:7:1116:22863:12332	1016570	1016617	47
E00170:22:H00WVALXX:1:1102:9556:51835	1016551	1016621	70
E00170:22:H00WVALXX:1:1220:28212:59007	1016545	1016622	77
E00170:22:H00WVALXX:1:2119:27816:28963	1016536	1016623	87
E00170:22:H00WVALXX:1:1124:23086:31143	1016491	1016624	133
E00170:22:H00WVALXX:1:1216:9343:72034	1016552	1016625	73
E00125:9:H05MEALXX:7:1121:12317:58902	1016590	1016627	37
E00125:9:H05MEALXX:7:1115:16468:49672	1016628	1016629	1
E00125:9:H05MEALXX:7:2108:5141:47070	1016571	1016630	59
E00170:22:H00WVALXX:1:2217:15443:33024	1016572	1016631	59
E00121:9:H00UWALXX:7:1110:6562:44715	1016632	1016633	1
E00125:9:H05MEALXX:7:1207:6491:1695	1016602	1016635	33
E00170:22:H00WVALXX:1:2114:10825:42886	1016567	1016638	71
E00170:22:H00WVALXX:1:1209:15910:64985	1016558	1016639	81
E00170:22:H00WVALXX:1:1119:11779:17641	1016619	1016640	21
E00121:9:H00UWALXX:7:1110:31145:26642	1016574	1016642	68
E00125:9:H05MEALXX:7:2122:5039:21860	1016610	1016644	34
E00170:22:H00WVALXX:1:1119:16316:59886	1016585	1016645	60
E00170:22:H00WVALXX:1:1120:21218:8780	1016544	1016646	102
E00121:9:H00UWALXX:7:1105:4684:24726	1016636	1016648	12
E00170:22:H00WVALXX:1:1106:15433:46262	1016516	1016650	134
E00170:22:H00WVALXX:1:1119:19889:51377	1016535	1016651	116
E00121:9:H00UWALXX:7:1119:1893:12472	1016584	1016653	69
E00125:9:H05MEALXX:7:2213:11048:62119	1016586	1016654	68
E00170:22:H00WVALXX:1:2108:8927:33797	1016566	1016655	89
E00125:9:H05MEALXX:7:1223:31064:45594	1016649	1016656	7
E00121:9:H00UWALXX:7:1111:10084:8974	1016657	1016658	1
E00170:22:H00WVALXX:1:1112:7587:3102	1016537	1016660	123
E00170:22:H00WVALXX:1:1212:4248:68342	1016659	1016661	2
E00121:9:H00UWALXX:7:1122:10926:16375	1016647	1016663	16
E00121:9:H00UWALXX:7:1122:24142:50832	1016611	1016670	59
E00170:22:H00WVALXX:1:2107:6714:18959	1016612	1016672	60
E00125:9:H05MEALXX:7:2122:2482:63772	1016669	1016673	4
E00170:22:H00WVALXX:1:2211:16022:8886	1016674	1016675	1
E00121:9:H00UWALXX:7:1108:5953:54665	1016522	1016678	156
E00121:9:H00UWALXX:7:1123:5506:17113	1016665	1016682	17
E00125:9:H05MEALXX:7:2106:10267:54929	1016685	1016686	1
E00170:22:H00WVALXX:1:1107:26527:30070	1016597	1016687	90
E00170:22:H00WVALXX:1:2101:6430:30949	1016583	1016689	106
E00170:22:H00WVALXX:1:2220:8176:58339	1016691	1016693	2
E00121:9:H00UWALXX:7:1118:14316:23372	1016593	1016700	107
E00170:22:H00WVALXX:1:1223:20082:16516	1016618	1016705	87
E00125:9:H05MEALXX:7:2205:2471:39212	1016620	1016707	87
E00170:22:H00WVALXX:1:1118:15463:7954	1016634	1016708	74
E00125:9:H05MEALXX:7:1210:2482:17078	1016684	1016712	28
E00170:22:H00WVALXX:1:2114:11799:51290	1016587	1016715	128
E00170:22:H00WVALXX:1:2203:10713:66250	1016626	1016718	92
E00125:9:H05MEALXX:7:2212:20041:70417	1016652	1016719	67
E00170:22:H00WVALXX:1:2211:13220:16305	1016688	1016721	33
E00170:22:H00WVALXX:1:1211:26019:66848	1016643	1016722	79
E00170:22:H00WVALXX:1:2114:19615:31811	1016723	1016725	2
E00170:22:H00WVALXX:1:1111:25248:9782	1016666	1016727	61
E00170:22:H00WVALXX:1:1203:28019:2030	1016671	1016729	58
E00170:22:H00WVALXX:1:2213:6450:51307	1016714	1016730	16
E00170:22:H00WVALXX:1:1105:31226:32127	1016637	1016732	95
E00121:9:H00UWALXX:7:1104:28293:36786	1016667	1016733	66
E00170:22:H00WVALXX:1:1118:16793:4491	1016605	1016734	129
E00170:22:H00WVALXX:1:1204:21736:54542	1016690	1016735	45
E00121:9:H00UWALXX:7:1101:9861:23847	1016664	1016736	72
E00121:9:H00UWALXX:7:1115:7475:51606	1016681	1016737	56
E00121:9:H00UWALXX:7:1110:12286:40530	1016679	1016739	60
E00170:22:H00WVALXX:1:1114:30069:24708	1016703	1016745	42
E00170:22:H00WVALXX:1:2220:8206:58322	1016692	1016755	63
E00125:9:H05MEALXX:7:2112:13129:51553	1016741	1016756	15
E00121:9:H00UWALXX:7:1122:3476:67710	1016676	1016760	84
E00125:9:H05MEALXX:7:2124:22436:9237	1016711	1016763	52
E00125:9:H05MEALXX:7:2103:31693:42675	1016709	1016767	58
E00121:9:H00UWALXX:7:1113:23330:31318	1016698	1016769	71
E00170:22:H00WVALXX:1:1103:25157:16445	1016697	1016770	73
E00170:22:H00WVALXX:1:1213:22599:2276	1016748	1016771	23
E00170:22:H00WVALXX:1:1213:22629:2223	1016749	1016772	23
E00170:22:H00WVALXX:1:1122:8998:26958	1016677	1016773	96
E00170:22:H00WVALXX:1:2209:32424:42324	1016768	1016774	6
E00170:22:H00WVALXX:1:2105:31033:26976	1016699	1016778	79
E00125:9:H05MEALXX:7:2115:6704:52731	1016701	1016779	78
E00170:22:H00WVALXX:1:1115:29633:29789	1016641	1016785	144
E00170:22:H00WVALXX:1:2110:8338:12209	1016704	1016787	83
E00125:9:H05MEALXX:7:1210:21259:15777	1016706	1016789	83
E00170:22:H00WVALXX:1:1207:16133:52643	1016788	1016790	2
E00170:22:H00WVALXX:1:2216:11606:26941	1016668	1016791	123
E00170:22:H00WVALXX:1:1223:6674:3629	1016796	1016797	1
E00170:22:H00WVALXX:1:2217:15403:2680	1016724	1016800	76
E00170:22:H00WVALXX:1:2212:15463:43677	1016662	1016801	139
E00125:9:H05MEALXX:7:2205:6866:67393	1016738	1016805	67
E00170:22:H00WVALXX:1:2121:20092:69309	1016683	1016806	123
E00170:22:H00WVALXX:1:2212:24436:41392	1016759	1016808	49
E00170:22:H00WVALXX:1:2212:5851:71296	1016680	1016809	129
E00170:22:H00WVALXX:1:1204:32434:60308	1016694	1016810	116
E00125:9:H05MEALXX:7:2218:3050:32619	1016695	1016811	116
E00170:22:H00WVALXX:1:1105:8602:21034	1016728	1016812	84
E00170:22:H00WVALXX:1:2217:25481:4948	1016696	1016813	117
E00170:22:H00WVALXX:1:2117:14205:18186	1016758	1016814	56
E00170:22:H00WVALXX:1:2207:30374:62225	1016717	1016815	98
E00170:22:H00WVALXX:1:1117:28993:21930	1016746	1016817	71
E00170:22:H00WVALXX:1:1219:26872:50393	1016802	1016818	16
E00170:22:H00WVALXX:1:2110:27542:50745	1016713	1016821	108
E00170:22:H00WVALXX:1:1120:27268:72527	1016747	1016822	75
E00125:9:H05MEALXX:7:2118:14215:13773	1016762	1016826	64
E00170:22:H00WVALXX:1:2111:13819:40618	1016743	1016827	84
E00121:9:H00UWALXX:7:1115:20396:64879	1016780	1016830	50
E00125:9:H05MEALXX:7:1120:8572:49532	1016764	1016832	68
E00125:9:H05MEALXX:7:2215:12429:8147	1016720	1016837	117
E00170:22:H00WVALXX:1:2102:8764:51975	1016784	1016838	54
E00125:9:H05MEALXX:7:2211:22223:17869	1016757	1016842	85
E00170:22:H00WVALXX:1:1209:13910:57794	1016761	1016843	82
E00121:9:H00UWALXX:7:1117:12713:72105	1016754	1016844	90
E00125:9:H05MEALXX:7:1203:15849:66918	1016781	1016845	64
E00170:22:H00WVALXX:1:2121:21767:65143	1016753	1016846	93
E00170:22:H00WVALXX:1:1113:31490:71401	1016751	1016848	97
E00170:22:H00WVALXX:1:2104:11444:29367	1016742	1016849	107
E00170:22:H00WVALXX:1:2104:7719:42218	1016783	1016850	67
E00125:9:H05MEALXX:7:1122:26233:11910	1016740	1016851	111
E00170:22:H00WVALXX:1:2118:6511:18924	1016752	1016853	101
E00170:22:H00WVALXX:1:2211:17839:64668	1016793	1016854	61
E00170:22:H00WVALXX:1:1106:18173:16375	1016731	1016855	124
E00170:22:H00WVALXX:1:2116:10388:51729	1016744	1016857	113
E00170:22:H00WVALXX:1:1203:28577:63508	1016804	1016858	54
E00121:9:H00UWALXX:7:1106:7029:50762	1016819	1016860	41
E00170:22:H00WVALXX:1:1201:26568:68571	1016820	1016861	41
E00121:9:H00UWALXX:7:1101:20457:23073	1016782	1016862	80
E00170:22:H00WVALXX:1:2119:8105:48828	1016750	1016863	113
E00121:9:H00UWALXX:7:1117:9394:67024	1016841	1016864	23
E00125:9:H05MEALXX:7:2117:10033:52626	1016710	1016866	156
E00170:22:H00WVALXX:1:1122:14245:18713	1016765	1016867	102
E00170:22:H00WVALXX:1:2217:24812:25025	1016766	1016868	102
E00125:9:H05MEALXX:7:1108:11434:11417	1016794	1016869	75
E00125:9:H05MEALXX:7:1108:11617:49074	1016786	1016870	84
E00170:22:H00WVALXX:1:2117:10784:72105	1016795	1016871	76
E00170:22:H00WVALXX:1:1113:6663:44750	1016775	1016872	97
E00170:22:H00WVALXX:1:1208:32536:4684	1016776	1016873	97
E00170:22:H00WVALXX:1:2223:30739:59377	1016777	1016874	97
E00125:9:H05MEALXX:7:2117:10246:11751	1016876	1016877	1
E00170:22:H00WVALXX:1:1224:17970:23020	1016824	1016878	54
E00170:22:H00WVALXX:1:2212:18498:61346	1016803	1016879	76
E00170:22:H00WVALXX:1:2109:2441:64334	1016816	1016885	69
E00170:22:H00WVALXX:1:1203:7019:36399	1016856	1016889	33
E00121:9:H00UWALXX:7:1102:20528:11699	1016792	1016898	106
E00170:22:H00WVALXX:1:2119:32749:46789	1016881	1016899	18
E00125:9:H05MEALXX:7:1114:27420:21702	1016798	1016900	102
E00170:22:H00WVALXX:1:2211:12317:45928	1016799	1016902	103
E00121:9:H00UWALXX:7:1119:21218:72421	1016839	1016906	67
E00170:22:H00WVALXX:1:2219:21970:72491	1016836	1016909	73
E00125:9:H05MEALXX:7:2218:32343:35960	1016831	1016914	83
E00170:22:H00WVALXX:1:1209:31714:32373	1016847	1016919	72
E00121:9:H00UWALXX:7:1113:6440:5968	1016823	1016922	99
E00121:9:H00UWALXX:7:1112:8622:20120	1016807	1016925	118
E00125:9:H05MEALXX:7:1121:15585:47123	1016834	1016926	92
E00170:22:H00WVALXX:1:2208:16752:38843	1016825	1016927	102
E00125:9:H05MEALXX:7:1221:7343:48600	1016865	1016936	71
E00121:9:H00UWALXX:7:1101:31389:20383	1016828	1016938	110
E00121:9:H00UWALXX:7:1120:28902:24831	1016890	1016939	49
E00125:9:H05MEALXX:7:2112:32262:60466	1016891	1016940	49
E00170:22:H00WVALXX:1:1206:24558:11294	1016852	1016942	90
E00170:22:H00WVALXX:1:2214:30699:2030	1016886	1016945	59
E00121:9:H00UWALXX:7:1201:14053:24392	1016859	1016946	87
E00125:9:H05MEALXX:7:1102:20508:28295	1016833	1016948	115
E00170:22:H00WVALXX:1:1105:14276:49391	1016897	1016952	55
E00170:22:H00WVALXX:1:2210:13119:22352	1016829	1016955	126
E00121:9:H00UWALXX:7:1123:3009:26607	1016894	1016956	62
E00125:9:H05MEALXX:7:1111:13667:4948	1016895	1016957	62
E00170:22:H00WVALXX:1:1103:17301:30896	1016882	1016958	76
E00121:9:H00UWALXX:7:1116:14753:38016	1016875	1016959	84
E00121:9:H00UWALXX:7:1112:7435:68835	1016887	1016961	74
E00170:22:H00WVALXX:1:1102:18579:13281	1016915	1016962	47
E00170:22:H00WVALXX:1:1115:6166:51694	1016835	1016964	129
E00170:22:H00WVALXX:1:1216:16245:8323	1016840	1016965	125
E00170:22:H00WVALXX:1:1221:15271:23056	1016888	1016966	78
E00121:9:H00UWALXX:7:1108:22853:72263	1016929	1016973	44
E00121:9:H00UWALXX:7:1201:6724:9835	1016904	1016974	70
E00170:22:H00WVALXX:1:2104:19970:18643	1016911	1016978	67
E00121:9:H00UWALXX:7:1104:18295:70980	1016928	1016981	53
E00170:22:H00WVALXX:1:1120:3700:55228	1016907	1016986	79
E00170:22:H00WVALXX:1:1206:29562:19856	1016892	1016989	97
E00170:22:H00WVALXX:1:1203:23259:46139	1016884	1016992	108
E00125:9:H05MEALXX:7:1224:9495:38755	1016941	1017004	63
E00121:9:H00UWALXX:7:1120:26019:53487	1016933	1017007	74
E00170:22:H00WVALXX:1:1113:31714:31318	1016934	1017008	74
E00121:9:H00UWALXX:7:1109:12784:3629	1016910	1017010	100
E00170:22:H00WVALXX:1:1217:22386:71208	1016921	1017011	90
E00170:22:H00WVALXX:1:2207:18803:13773	1016947	1017012	65
E00121:9:H00UWALXX:7:1103:31368:71015	1016997	1017014	17
E00125:9:H05MEALXX:7:1206:14235:21051	1016998	1017015	17
E00170:22:H00WVALXX:1:1223:23543:37173	1017000	1017016	16
E00170:22:H00WVALXX:1:1223:23939:37085	1017001	1017017	16
E00170:22:H00WVALXX:1:1106:4846:26343	1016920	1017019	99
E00170:22:H00WVALXX:1:2208:27248:14406	1016905	1017020	115
E00125:9:H05MEALXX:7:1210:12500:18924	1016937	1017021	84
E00170:22:H00WVALXX:1:1223:23949:37032	1017002	1017023	21
E00121:9:H00UWALXX:7:1102:14662:57021	1016883	1017024	141
E00125:9:H05MEALXX:7:2121:23117:21526	1016923	1017026	103
E00121:9:H00UWALXX:7:1115:7364:43466	1016880	1017029	149
E00125:9:H05MEALXX:7:2119:19503:51588	1016903	1017031	128
E00170:22:H00WVALXX:1:1102:23208:15391	1016924	1017032	108
E00170:22:H00WVALXX:1:1107:24598:68993	1016953	1017033	80
E00170:22:H00WVALXX:1:1107:24609:69011	1016954	1017034	80
E00170:22:H00WVALXX:1:2123:26009:35362	1016912	1017038	126
E00125:9:H05MEALXX:7:1105:25624:50868	1016893	1017039	146
E00170:22:H00WVALXX:1:2209:7140:50112	1016896	1017042	146
E00121:9:H00UWALXX:7:1118:17057:23337	1017040	1017043	3
E00125:9:H05MEALXX:7:1103:9810:44468	1016995	1017046	51
E00121:9:H00UWALXX:7:1123:23502:28488	1016917	1017047	130
E00170:22:H00WVALXX:1:1224:30536:29595	1016918	1017048	130
E00170:22:H00WVALXX:1:2116:28049:32637	1016935	1017049	114
E00170:22:H00WVALXX:1:1121:27532:60888	1016949	1017050	101
E00170:22:H00WVALXX:1:1121:27542:60871	1016950	1017051	101
E00170:22:H00WVALXX:1:2120:3588:5352	1016901	1017052	151
E00121:9:H00UWALXX:7:1103:9708:38456	1016951	1017054	103
E00125:9:H05MEALXX:7:2102:28729:39827	1016979	1017055	76
E00170:22:H00WVALXX:1:1111:23431:44187	1016908	1017057	149
E00170:22:H00WVALXX:1:2213:29602:38139	1016963	1017058	95
E00170:22:H00WVALXX:1:2118:12185:2944	1016975	1017061	86
E00170:22:H00WVALXX:1:2222:32455:28839	1016916	1017062	146
E00125:9:H05MEALXX:7:2202:30993:43291	1016913	1017063	150
E00170:22:H00WVALXX:1:1123:19493:20172	1016976	1017066	90
E00121:9:H00UWALXX:7:1123:16489:51149	1016967	1017068	101
E00170:22:H00WVALXX:1:2104:13616:72579	1016943	1017069	126
E00121:9:H00UWALXX:7:2101:15392:21051	1016931	1017070	139
E00170:22:H00WVALXX:1:1208:12408:53575	1016932	1017072	140
E00121:9:H00UWALXX:7:1111:10277:23829	1016971	1017074	103
E00170:22:H00WVALXX:1:1202:6298:18133	1016977	1017075	98
E00170:22:H00WVALXX:1:1120:14073:48266	1016982	1017077	95
E00170:22:H00WVALXX:1:2104:20041:8956	1016983	1017078	95
E00170:22:H00WVALXX:1:2222:22467:66215	1016984	1017079	95
E00170:22:H00WVALXX:1:2108:28212:22827	1016930	1017080	150
E00170:22:H00WVALXX:1:2121:6217:37296	1016987	1017081	94
E00170:22:H00WVALXX:1:2121:6542:37682	1016988	1017082	94
E00121:9:H00UWALXX:7:1102:28953:2803	1016990	1017084	94
E00170:22:H00WVALXX:1:1216:22660:41445	1016991	1017085	94
E00121:9:H00UWALXX:7:1119:6572:26238	1017027	1017087	60
E00170:22:H00WVALXX:1:2203:31917:25974	1017028	1017088	60
E00121:9:H00UWALXX:7:1114:15869:2469	1017035	1017092	57
E00121:9:H00UWALXX:7:1114:16123:2381	1017036	1017093	57
E00125:9:H05MEALXX:7:2107:21767:15777	1016968	1017095	127
E00125:9:H05MEALXX:7:2107:22274:16375	1016969	1017096	127
E00125:9:H05MEALXX:7:2107:22335:16129	1016970	1017097	127
E00170:22:H00WVALXX:1:2207:6156:71120	1017013	1017099	86
E00121:9:H00UWALXX:7:1117:5719:51061	1017037	1017101	64
E00170:22:H00WVALXX:1:2211:22528:23284	1017018	1017103	85
E00170:22:H00WVALXX:1:2104:30587:6934	1017022	1017104	82
E00170:22:H00WVALXX:1:1207:10175:4948	1016994	1017105	111
E00170:22:H00WVALXX:1:1208:25776:58163	1017006	1017106	100
E00121:9:H00UWALXX:7:1102:9769:29842	1017005	1017108	103
E00170:22:H00WVALXX:1:1206:15727:24515	1017025	1017109	84
E00125:9:H05MEALXX:7:2124:7749:18467	1016980	1017111	131
E00125:9:H05MEALXX:7:2122:9739:40407	1017030	1017112	82
E00170:22:H00WVALXX:1:2123:32708:15180	1016944	1017113	169
E00121:9:H00UWALXX:7:1110:13281:70663	1016972	1017115	143
E00121:9:H00UWALXX:7:1101:27633:21684	1017041	1017122	81
E00170:22:H00WVALXX:1:1112:26030:38737	1016960	1017123	163
E00170:22:H00WVALXX:1:1113:27471:58146	1017056	1017128	72
E00170:22:H00WVALXX:1:2115:10125:5423	1016985	1017133	148
E00170:22:H00WVALXX:1:1220:26831:23495	1017137	1017138	1
E00121:9:H00UWALXX:7:1124:10571:61363	1017053	1017143	90
E00125:9:H05MEALXX:7:1202:10206:68606	1016996	1017144	148
E00170:22:H00WVALXX:1:2207:13535:17307	1017045	1017145	100
E00125:9:H05MEALXX:7:2216:4095:32039	1017098	1017146	48
E00125:9:H05MEALXX:7:2210:25908:57478	1017044	1017150	106
E00170:22:H00WVALXX:1:1103:26304:3770	1016999	1017155	156
E00170:22:H00WVALXX:1:2105:14936:51448	1017003	1017156	153
E00170:22:H00WVALXX:1:1108:11941:34131	1017009	1017158	149
E00170:22:H00WVALXX:1:2117:2674:55034	1017065	1017159	94
E00125:9:H05MEALXX:7:1113:15078:12033	1017089	1017160	71
E00170:22:H00WVALXX:1:1111:14337:47141	1017060	1017161	101
E00125:9:H05MEALXX:7:1218:12764:37841	1017100	1017162	62
E00170:22:H00WVALXX:1:2221:23726:36153	1017071	1017163	92
E00121:9:H00UWALXX:7:1114:25025:72650	1017131	1017167	36
E00125:9:H05MEALXX:7:1208:11038:67481	1017116	1017168	52
E00125:9:H05MEALXX:7:1215:26273:48758	1017132	1017169	37
E00170:22:H00WVALXX:1:2101:32089:38720	1017064	1017170	106
E00170:22:H00WVALXX:1:2106:26293:46930	1017073	1017173	100
E00170:22:H00WVALXX:1:2106:9485:63947	1017076	1017175	99
E00170:22:H00WVALXX:1:1218:11424:42447	1017153	1017176	23
E00170:22:H00WVALXX:1:2122:26720:36803	1017154	1017177	23
E00121:9:H00UWALXX:7:1117:5689:26255	1017059	1017180	121
E00170:22:H00WVALXX:1:2107:11789:59289	1017127	1017185	58
E00170:22:H00WVALXX:1:1212:27643:43748	1017083	1017186	103
E00170:22:H00WVALXX:1:2222:20417:26273	1017090	1017187	97
E00170:22:H00WVALXX:1:2113:17757:4684	1017067	1017191	124
E00170:22:H00WVALXX:1:1115:13921:56687	1017107	1017196	89
E00170:22:H00WVALXX:1:2212:14905:29947	1016993	1017197	204
E00170:22:H00WVALXX:1:1211:19869:20401	1017124	1017198	74
E00121:9:H00UWALXX:7:1117:32718:34887	1017129	1017203	74
E00125:9:H05MEALXX:7:2106:16722:48037	1017130	1017204	74
E00121:9:H00UWALXX:7:1108:18742:25798	1017125	1017205	80
E00170:22:H00WVALXX:1:2212:3101:47229	1017110	1017206	96
E00170:22:H00WVALXX:1:1107:27471:42148	1017119	1017210	91
E00170:22:H00WVALXX:1:1224:15930:35274	1017120	1017211	91
E00125:9:H05MEALXX:7:2118:25339:18836	1017086	1017212	126
E00170:22:H00WVALXX:1:2118:29521:5405	1017091	1017213	122
E00170:22:H00WVALXX:1:1204:27978:17781	1017117	1017217	100
E00170:22:H00WVALXX:1:2101:20549:59939	1017118	1017218	100
E00170:22:H00WVALXX:1:1113:21898:43642	1017141	1017219	78
E00125:9:H05MEALXX:7:2112:28060:17957	1017102	1017220	118
E00170:22:H00WVALXX:1:2108:12459:60871	1017094	1017221	127
E00170:22:H00WVALXX:1:1222:31835:62822	1017121	1017222	101
E00170:22:H00WVALXX:1:1222:16742:42517	1017157	1017226	69
E00170:22:H00WVALXX:1:2207:22112:29701	1017114	1017229	115
E00125:9:H05MEALXX:7:2208:6816:32848	1017136	1017230	94
E00121:9:H00UWALXX:7:1116:24598:60238	1017140	1017231	91
E00170:22:H00WVALXX:1:1207:25086:34043	1017148	1017232	84
E00170:22:H00WVALXX:1:1110:17666:15742	1017147	1017233	86
E00170:22:H00WVALXX:1:2210:14794:24304	1017126	1017237	111
E00121:9:H00UWALXX:7:1116:32048:41216	1017179	1017238	59
E00170:22:H00WVALXX:1:1211:24142:34623	1017166	1017240	74
E00170:22:H00WVALXX:1:2212:28851:34870	1017139	1017241	102
E00125:9:H05MEALXX:7:2222:5364:17817	1017239	1017242	3
E00170:22:H00WVALXX:1:1102:19351:72843	1017142	1017246	104
E00121:9:H00UWALXX:7:1121:32130:50780	1017192	1017248	56
E00125:9:H05MEALXX:7:1223:6237:45242	1017174	1017249	75
E00170:22:H00WVALXX:1:1111:18772:66918	1017151	1017251	100
E00121:9:H00UWALXX:7:1104:3974:10556	1017172	1017252	80
E00125:9:H05MEALXX:7:1114:27704:71982	1017195	1017253	58
E00121:9:H00UWALXX:7:1114:14560:17817	1017171	1017255	84
E00170:22:H00WVALXX:1:2212:17311:42306	1017214	1017257	43
E00170:22:H00WVALXX:1:1104:1933:13949	1017200	1017258	58
E00170:22:H00WVALXX:1:2222:23228:28646	1017134	1017262	128
E00170:22:H00WVALXX:1:2104:30831:7919	1017181	1017265	84
E00170:22:H00WVALXX:1:2116:10470:23460	1017188	1017266	78
E00170:22:H00WVALXX:1:1123:11556:52766	1017207	1017267	60
E00121:9:H00UWALXX:7:1118:14113:22141	1017149	1017268	119
E00170:22:H00WVALXX:1:2124:28943:52889	1017178	1017269	91
E00170:22:H00WVALXX:1:2102:3182:70048	1017182	1017270	88
E00121:9:H00UWALXX:7:1113:5070:27890	1017164	1017272	108
E00125:9:H05MEALXX:7:1120:29562:28330	1017165	1017273	108
E00125:9:H05MEALXX:7:1210:8572:33569	1017193	1017274	81
E00170:22:H00WVALXX:1:1119:29613:38052	1017194	1017275	81
E00170:22:H00WVALXX:1:2108:29318:36276	1017202	1017276	74
E00125:9:H05MEALXX:7:1211:13149:9782	1017183	1017277	94
E00125:9:H05MEALXX:7:2124:32444:40777	1017184	1017280	96
E00121:9:H00UWALXX:7:1106:9170:30808	1017199	1017287	88
E00170:22:H00WVALXX:1:2103:10673:51096	1017227	1017290	63
E00170:22:H00WVALXX:1:1218:8298:65723	1017201	1017294	93
E00170:22:H00WVALXX:1:2119:3243:6477	1017189	1017295	106
E00125:9:H05MEALXX:7:2223:23096:44451	1017135	1017298	163
E00125:9:H05MEALXX:7:2107:27288:37120	1017152	1017307	155
E00121:9:H00UWALXX:7:1113:20914:63490	1017215	1017308	93
E00170:22:H00WVALXX:1:1102:18326:55702	1017244	1017310	66
E00170:22:H00WVALXX:1:2205:28943:59324	1017190	1017311	121
E00121:9:H00UWALXX:7:1112:7831:19487	1017281	1017313	32
E00170:22:H00WVALXX:1:2117:10287:37594	1017245	1017315	70
E00121:9:H00UWALXX:7:1121:26050:33428	1017209	1017317	108
E00125:9:H05MEALXX:7:1114:16083:68272	1017278	1017320	42
E00170:22:H00WVALXX:1:1215:13038:5827	1017279	1017321	42
E00121:9:H00UWALXX:7:1118:4846:50147	1017223	1017324	101
E00125:9:H05MEALXX:7:2201:2370:9220	1017224	1017325	101
E00170:22:H00WVALXX:1:1204:28120:62717	1017289	1017326	37
E00170:22:H00WVALXX:1:2216:9475:50850	1017256	1017327	71
E00170:22:H00WVALXX:1:1216:8521:49162	1017236	1017328	92
E00121:9:H00UWALXX:7:1113:10622:48653	1017260	1017330	70
E00170:22:H00WVALXX:1:1217:6582:70347	1017243	1017332	89
E00170:22:H00WVALXX:1:1118:25735:64457	1017216	1017333	117
E00125:9:H05MEALXX:7:2103:4877:26994	1017286	1017334	48
E00125:9:H05MEALXX:7:2108:3111:35010	1017261	1017335	74
E00170:22:H00WVALXX:1:1108:3801:67850	1017225	1017336	111
E00170:22:H00WVALXX:1:1122:10165:69415	1017235	1017337	102
E00170:22:H00WVALXX:1:2114:22315:38983	1017263	1017338	75
E00121:9:H00UWALXX:7:1121:26009:33322	1017208	1017340	132
E00125:9:H05MEALXX:7:2222:10226:63930	1017250	1017341	91
E00125:9:H05MEALXX:7:1207:18031:17922	1017293	1017342	49
E00121:9:H00UWALXX:7:1107:17260:36839	1017285	1017343	58
E00125:9:H05MEALXX:7:2109:10642:39511	1017228	1017345	117
E00170:22:H00WVALXX:1:2222:25268:22651	1017264	1017347	83
E00170:22:H00WVALXX:1:2109:25400:34940	1017284	1017349	65
E00125:9:H05MEALXX:7:2201:32779:65653	1017302	1017350	48
E00170:22:H00WVALXX:1:1207:7211:40706	1017300	1017351	51
E00121:9:H00UWALXX:7:1201:25492:19416	1017288	1017352	64
E00170:22:H00WVALXX:1:1110:31247:21262	1017282	1017353	71
E00170:22:H00WVALXX:1:2122:28892:27486	1017283	1017354	71
E00125:9:H05MEALXX:7:2107:21838:62523	1017296	1017355	59
E00170:22:H00WVALXX:1:1118:27988:1449	1017316	1017356	40
E00170:22:H00WVALXX:1:2122:11586:22300	1017247	1017357	110
E00125:9:H05MEALXX:7:2103:8693:9554	1017291	1017360	69
E00121:9:H00UWALXX:7:1116:28993:28189	1017234	1017364	130
E00125:9:H05MEALXX:7:2119:19940:19012	1017322	1017366	44
E00170:22:H00WVALXX:1:2201:20376:41779	1017323	1017367	44
E00170:22:H00WVALXX:1:2210:31358:20190	1017312	1017368	56
E00170:22:H00WVALXX:1:1223:17138:16762	1017254	1017371	117
E00170:22:H00WVALXX:1:2115:17422:40741	1017297	1017380	83
E00121:9:H00UWALXX:7:1120:25695:45681	1017339	1017383	44
E00121:9:H00UWALXX:7:2101:12489:30334	1017348	1017384	36
E00170:22:H00WVALXX:1:1223:11647:4965	1017259	1017386	127
E00170:22:H00WVALXX:1:1118:21716:69766	1017318	1017387	69
E00170:22:H00WVALXX:1:2217:24913:22634	1017346	1017388	42
E00170:22:H00WVALXX:1:1115:9150:69942	1017292	1017389	97
E00170:22:H00WVALXX:1:2123:27522:65442	1017306	1017391	85
E00170:22:H00WVALXX:1:1220:28120:24814	1017305	1017394	89
E00170:22:H00WVALXX:1:2101:18245:22581	1017329	1017396	67
E00125:9:H05MEALXX:7:1123:5324:47598	1017301	1017397	96
E00121:9:H00UWALXX:7:1111:9607:48723	1017299	1017398	99
E00170:22:H00WVALXX:1:2212:18843:33744	1017314	1017399	85
E00170:22:H00WVALXX:1:2124:11921:50868	1017271	1017402	131
E00170:22:H00WVALXX:1:2213:11231:38245	1017304	1017407	103
E00125:9:H05MEALXX:7:2223:7090:33991	1017303	1017410	107
E00125:9:H05MEALXX:7:2118:24284:35291	1017309	1017413	104
E00170:22:H00WVALXX:1:1105:19381:44064	1017331	1017421	90
E00170:22:H00WVALXX:1:2119:16641:28136	1017359	1017426	67
E00125:9:H05MEALXX:7:1224:26405:20788	1017422	1017427	5
E00121:9:H00UWALXX:7:1111:30881:61240	1017344	1017428	84
E00170:22:H00WVALXX:1:1205:5405:21157	1017372	1017431	59
E00170:22:H00WVALXX:1:1215:18610:40900	1017376	1017432	56
E00170:22:H00WVALXX:1:2120:17564:2627	1017377	1017433	56
E00170:22:H00WVALXX:1:2204:15474:54102	1017378	1017434	56
E00170:22:H00WVALXX:1:2206:26415:5264	1017379	1017435	56
E00170:22:H00WVALXX:1:1110:9993:63525	1017363	1017439	76
E00125:9:H05MEALXX:7:2204:11769:14353	1017370	1017442	72
E00170:22:H00WVALXX:1:1120:16813:19856	1017361	1017443	82
E00170:22:H00WVALXX:1:1208:32434:7321	1017319	1017444	125
E00170:22:H00WVALXX:1:2123:9475:32250	1017419	1017445	26
E00121:9:H00UWALXX:7:1123:6937:7321	1017411	1017447	36
E00170:22:H00WVALXX:1:2205:7912:71595	1017358	1017449	91
E00170:22:H00WVALXX:1:2123:31358:17272	1017414	1017451	37
E00170:22:H00WVALXX:1:2123:31419:17272	1017415	1017452	37
E00170:22:H00WVALXX:1:1104:31328:23161	1017375	1017455	80
E00121:9:H00UWALXX:7:2101:30810:64246	1017362	1017457	95
E00121:9:H00UWALXX:7:1117:7079:69450	1017405	1017458	53
E00125:9:H05MEALXX:7:2119:9962:24585	1017392	1017459	67
E00121:9:H00UWALXX:7:1118:16722:54753	1017408	1017460	52
E00125:9:H05MEALXX:7:2111:5192:22862	1017382	1017461	79
E00170:22:H00WVALXX:1:1205:2400:11242	1017412	1017463	51
E00170:22:H00WVALXX:1:2224:24974:27802	1017420	1017468	48
E00121:9:H00UWALXX:7:1104:3689:58058	1017400	1017469	69
E00121:9:H00UWALXX:7:1110:17037:34799	1017406	1017470	64
E00125:9:H05MEALXX:7:2124:16986:45681	1017437	1017473	36
E00170:22:H00WVALXX:1:1119:16722:32496	1017404	1017474	70
E00170:22:H00WVALXX:1:2207:7820:62471	1017365	1017476	111
E00170:22:H00WVALXX:1:1106:11343:10697	1017385	1017477	92
E00170:22:H00WVALXX:1:2106:4755:61838	1017417	1017480	63
E00170:22:H00WVALXX:1:2220:23908:41779	1017369	1017481	112
E00125:9:H05MEALXX:7:2215:6755:38790	1017374	1017482	108
E00170:22:H00WVALXX:1:1110:16955:15355	1017373	1017483	110
E00121:9:H00UWALXX:7:1115:24680:35520	1017390	1017486	96
E00170:22:H00WVALXX:1:1124:22680:44398	1017418	1017490	72
E00170:22:H00WVALXX:1:2203:25207:67551	1017446	1017492	46
E00170:22:H00WVALXX:1:2104:14885:5264	1017450	1017495	45
E00170:22:H00WVALXX:1:1220:9363:44539	1017429	1017498	69
E00125:9:H05MEALXX:7:2218:22924:55579	1017430	1017500	70
E00121:9:H00UWALXX:7:1104:20417:64141	1017393	1017501	108
E00121:9:H00UWALXX:7:1115:16245:6811	1017403	1017504	101
E00170:22:H00WVALXX:1:1117:12540:50358	1017453	1017505	52
E00170:22:H00WVALXX:1:2205:30932:69309	1017416	1017506	90
E00170:22:H00WVALXX:1:2111:5872:72245	1017381	1017507	126
E00170:22:H00WVALXX:1:1121:19848:41040	1017395	1017509	114
E00121:9:H00UWALXX:7:1102:11525:11400	1017440	1017510	70
E00170:22:H00WVALXX:1:1121:27197:62840	1017441	1017511	70
E00121:9:H00UWALXX:7:1110:9647:43484	1017424	1017513	89
E00170:22:H00WVALXX:1:2217:8054:13967	1017425	1017514	89
E00170:22:H00WVALXX:1:2115:15666:67411	1017436	1017517	81
E00170:22:H00WVALXX:1:1205:14002:56441	1017423	1017518	95
E00125:9:H05MEALXX:7:2219:22619:63631	1017438	1017519	81
E00121:9:H00UWALXX:7:1118:12165:35995	1017454	1017520	66
E00125:9:H05MEALXX:7:2116:12784:31019	1017488	1017521	33
E00121:9:H00UWALXX:7:2101:31896:29806	1017466	1017522	56
E00170:22:H00WVALXX:1:2120:23827:26484	1017472	1017523	51
E00125:9:H05MEALXX:7:1113:15413:50059	1017448	1017524	76
E00125:9:H05MEALXX:7:2101:30079:9818	1017401	1017525	124
E00170:22:H00WVALXX:1:2222:15890:45646	1017409	1017526	117
E00170:22:H00WVALXX:1:1113:12175:26027	1017497	1017529	32
E00121:9:H00UWALXX:7:1102:14753:71665	1017475	1017533	58
E00121:9:H00UWALXX:7:1106:26182:14459	1017530	1017534	4
E00121:9:H00UWALXX:7:1104:25624:70065	1017465	1017538	73
E00170:22:H00WVALXX:1:1206:31267:36979	1017467	1017544	77
E00170:22:H00WVALXX:1:2208:5232:26238	1017496	1017545	49
E00125:9:H05MEALXX:7:1119:20640:49866	1017464	1017546	82
E00170:22:H00WVALXX:1:2206:15159:20401	1017456	1017548	92
E00170:22:H00WVALXX:1:1221:21066:57882	1017527	1017551	24
E00125:9:H05MEALXX:7:1117:20203:15215	1017471	1017555	84
E00121:9:H00UWALXX:7:1101:14885:15109	1017484	1017562	78
E00170:22:H00WVALXX:1:1224:11677:33850	1017508	1017570	62
E00121:9:H00UWALXX:7:1115:19341:4895	1017478	1017571	93
E00121:9:H00UWALXX:7:1111:23837:28224	1017485	1017573	88
E00121:9:H00UWALXX:7:1118:23157:46807	1017487	1017574	87
E00170:22:H00WVALXX:1:1115:11474:50692	1017489	1017575	86
E00170:22:H00WVALXX:1:1121:29034:46859	1017499	1017576	77
E00121:9:H00UWALXX:7:1119:7617:67569	1017515	1017577	62
E00125:9:H05MEALXX:7:2217:28019:52309	1017479	1017578	99
E00125:9:H05MEALXX:7:2216:3821:5370	1017512	1017579	67
E00170:22:H00WVALXX:1:2224:14154:25446	1017502	1017580	78
E00170:22:H00WVALXX:1:1208:5872:49953	1017491	1017581	90
E00125:9:H05MEALXX:7:1106:14174:5299	1017528	1017582	54
E00170:22:H00WVALXX:1:1114:22244:46525	1017556	1017587	31
E00170:22:H00WVALXX:1:1115:21675:13896	1017557	1017588	31
E00170:22:H00WVALXX:1:1216:16925:61011	1017516	1017589	73
E00121:9:H00UWALXX:7:1118:10003:45998	1017531	1017593	62
E00170:22:H00WVALXX:1:1118:16377:35379	1017462	1017594	132
E00170:22:H00WVALXX:1:2220:9993:70769	1017543	1017595	52
E00170:22:H00WVALXX:1:1110:26984:50516	1017540	1017597	57
E00170:22:H00WVALXX:1:1223:8967:25429	1017536	1017598	62
E00170:22:H00WVALXX:1:1107:20406:25552	1017493	1017603	110
E00125:9:H05MEALXX:7:1123:22284:41779	1017584	1017604	20
E00125:9:H05MEALXX:7:1101:10500:58111	1017541	1017608	67
E00170:22:H00WVALXX:1:2211:25075:49778	1017494	1017609	115
E00121:9:H00UWALXX:7:1120:12104:57548	1017560	1017610	50
E00121:9:H00UWALXX:7:1120:12144:57408	1017561	1017611	50
E00170:22:H00WVALXX:1:2218:14733:39282	1017559	1017614	55
E00125:9:H05MEALXX:7:2222:6826:69221	1017547	1017615	68
E00170:22:H00WVALXX:1:1211:29338:8218	1017549	1017617	68
E00170:22:H00WVALXX:1:1207:31419:46807	1017539	1017618	79
E00170:22:H00WVALXX:1:2113:8988:11576	1017542	1017622	80
E00170:22:H00WVALXX:1:1211:20660:21596	1017503	1017623	120
E00121:9:H00UWALXX:7:1124:9861:39985	1017553	1017624	71
E00170:22:H00WVALXX:1:1121:16905:31512	1017558	1017626	68
E00125:9:H05MEALXX:7:2106:17321:23653	1017564	1017631	67
E00170:22:H00WVALXX:1:1103:12479:61961	1017563	1017636	73
E00125:9:H05MEALXX:7:2108:13230:30105	1017585	1017637	52
E00170:22:H00WVALXX:1:2210:30293:5862	1017586	1017638	52
E00125:9:H05MEALXX:7:1219:9211:11365	1017572	1017640	68
E00170:22:H00WVALXX:1:2104:6105:22616	1017554	1017645	91
E00125:9:H05MEALXX:7:2105:6410:38755	1017591	1017646	55
E00170:22:H00WVALXX:1:2110:24142:27873	1017592	1017647	55
E00170:22:H00WVALXX:1:1219:25867:13422	1017583	1017651	68
E00170:22:H00WVALXX:1:2202:26365:50428	1017552	1017652	100
E00121:9:H00UWALXX:7:1119:12378:51096	1017602	1017653	51
E00170:22:H00WVALXX:1:2214:3070:2627	1017565	1017657	92
E00125:9:H05MEALXX:7:1105:24497:5950	1017537	1017658	121
E00125:9:H05MEALXX:7:1121:11485:51413	1017596	1017668	72
E00125:9:H05MEALXX:7:1110:9668:61029	1017535	1017669	134
E00170:22:H00WVALXX:1:1203:28455:28875	1017532	1017670	138
E00170:22:H00WVALXX:1:2107:18782:72738	1017654	1017673	19
E00170:22:H00WVALXX:1:2107:18843:72562	1017655	1017674	19
E00170:22:H00WVALXX:1:2216:14519:34588	1017656	1017675	19
E00170:22:H00WVALXX:1:1108:26101:55210	1017659	1017676	17
E00170:22:H00WVALXX:1:1108:26131:55228	1017660	1017677	17
E00170:22:H00WVALXX:1:2215:7912:23038	1017661	1017678	17
E00170:22:H00WVALXX:1:1118:25654:37454	1017566	1017682	116
E00170:22:H00WVALXX:1:2202:4978:18485	1017567	1017683	116
E00170:22:H00WVALXX:1:2115:20183:32795	1017599	1017685	86
E00121:9:H00UWALXX:7:1108:12418:15971	1017550	1017692	142
E00125:9:H05MEALXX:7:2218:30516:69714	1017600	1017694	94
E00170:22:H00WVALXX:1:2108:6542:32654	1017601	1017697	96
E00170:22:H00WVALXX:1:1108:8125:52555	1017605	1017701	96
E00170:22:H00WVALXX:1:1112:17463:50516	1017606	1017702	96
E00170:22:H00WVALXX:1:2224:19737:24708	1017607	1017703	96
E00125:9:H05MEALXX:7:1214:5090:19909	1017590	1017705	115
E00170:22:H00WVALXX:1:2222:3334:60361	1017642	1017708	66
E00170:22:H00WVALXX:1:1103:12347:66127	1017568	1017712	144
E00170:22:H00WVALXX:1:1112:12906:30844	1017629	1017713	84
E00170:22:H00WVALXX:1:1117:21401:56704	1017643	1017714	71
E00170:22:H00WVALXX:1:2223:12865:58550	1017612	1017715	103
E00170:22:H00WVALXX:1:1219:31663:47650	1017569	1017721	152
E00125:9:H05MEALXX:7:1212:13159:31529	1017613	1017723	110
E00125:9:H05MEALXX:7:2107:2989:54946	1017641	1017724	83
E00125:9:H05MEALXX:7:1214:9444:18696	1017627	1017725	98
E00170:22:H00WVALXX:1:1104:9790:29947	1017649	1017726	77
E00170:22:H00WVALXX:1:1216:23045:50586	1017620	1017729	109
E00170:22:H00WVALXX:1:1216:23096:50604	1017621	1017730	109
E00121:9:H00UWALXX:7:1119:28384:23759	1017663	1017733	70
E00125:9:H05MEALXX:7:2202:25157:8077	1017633	1017734	101
E00125:9:H05MEALXX:7:2202:25187:8095	1017634	1017735	101
E00121:9:H00UWALXX:7:1105:32323:27486	1017696	1017737	41
E00125:9:H05MEALXX:7:2112:13697:19522	1017741	1017742	1
E00125:9:H05MEALXX:7:2202:4948:31160	1017635	1017747	112
E00121:9:H00UWALXX:7:1118:1852:45699	1017628	1017749	121
E00121:9:H00UWALXX:7:1108:12266:14723	1017648	1017751	103
E00170:22:H00WVALXX:1:1122:22325:30808	1017650	1017752	102
E00125:9:H05MEALXX:7:1114:3436:67885	1017717	1017753	36
E00170:22:H00WVALXX:1:1122:19950:1344	1017718	1017754	36
E00170:22:H00WVALXX:1:1217:25613:6618	1017719	1017755	36
E00121:9:H00UWALXX:7:1123:32414:21069	1017680	1017759	79
E00125:9:H05MEALXX:7:2112:11850:11294	1017681	1017760	79
E00121:9:H00UWALXX:7:1104:29897:18080	1017699	1017761	62
E00121:9:H00UWALXX:7:1123:24335:52327	1017662	1017762	100
E00170:22:H00WVALXX:1:1216:8074:60554	1017639	1017767	128
E00121:9:H00UWALXX:7:1105:6217:47246	1017709	1017768	59
E00121:9:H00UWALXX:7:1111:4552:23372	1017679	1017769	90
E00170:22:H00WVALXX:1:2222:9658:7532	1017666	1017770	104
E00170:22:H00WVALXX:1:1118:30262:70610	1017619	1017772	153
E00125:9:H05MEALXX:7:1120:28110:8271	1017707	1017773	66
E00121:9:H00UWALXX:7:1121:11596:42148	1017688	1017776	88
E00170:22:H00WVALXX:1:2121:22660:35186	1017687	1017777	90
E00170:22:H00WVALXX:1:1208:19889:12912	1017632	1017778	146
E00170:22:H00WVALXX:1:2124:31115:21913	1017672	1017780	108
E00121:9:H00UWALXX:7:1124:25126:64422	1017758	1017782	24
E00170:22:H00WVALXX:1:2208:27440:39388	1017686	1017783	97
E00121:9:H00UWALXX:7:1113:20762:23214	1017722	1017784	62
E00170:22:H00WVALXX:1:1218:13647:34694	1017710	1017785	75
E00170:22:H00WVALXX:1:1116:31074:31512	1017616	1017788	172
E00125:9:H05MEALXX:7:2202:18925:2381	1017695	1017789	94
E00121:9:H00UWALXX:7:1111:1050:40126	1017671	1017790	119
E00121:9:H00UWALXX:7:1118:31297:57636	1017689	1017792	103
E00170:22:H00WVALXX:1:2114:3862:59060	1017690	1017793	103
E00170:22:H00WVALXX:1:2123:16052:42693	1017691	1017794	103
E00170:22:H00WVALXX:1:1221:4522:17588	1017625	1017795	170
E00170:22:H00WVALXX:1:1107:17443:59904	1017706	1017798	92
E00170:22:H00WVALXX:1:2220:17798:66637	1017667	1017800	133
E00170:22:H00WVALXX:1:1114:7699:66584	1017716	1017803	87
E00170:22:H00WVALXX:1:2109:18173:48090	1017704	1017804	100
E00125:9:H05MEALXX:7:1113:23746:45506	1017740	1017810	70
E00170:22:H00WVALXX:1:1106:29115:35819	1017684	1017811	127
E00170:22:H00WVALXX:1:2123:7587:62629	1017700	1017812	112
E00170:22:H00WVALXX:1:1204:9485:43625	1017748	1017813	65
E00170:22:H00WVALXX:1:2119:27187:70733	1017736	1017816	80
E00125:9:H05MEALXX:7:1109:30597:63877	1017763	1017817	54
E00125:9:H05MEALXX:7:2218:7019:52046	1017764	1017818	54
E00170:22:H00WVALXX:1:1112:15798:2135	1017630	1017819	189
E00170:22:H00WVALXX:1:1209:22680:21192	1017698	1017821	123
E00170:22:H00WVALXX:1:1105:24588:12543	1017664	1017822	158
E00170:22:H00WVALXX:1:2217:7851:56441	1017665	1017825	160
E00170:22:H00WVALXX:1:2124:8450:36909	1017720	1017828	108
E00170:22:H00WVALXX:1:1202:28983:4473	1017746	1017829	83
E00125:9:H05MEALXX:7:2204:7029:64686	1017644	1017830	186
E00170:22:H00WVALXX:1:1120:11332:21333	1017809	1017831	22
E00125:9:H05MEALXX:7:1112:12012:46947	1017728	1017832	104
E00170:22:H00WVALXX:1:2101:4512:4878	1017732	1017834	102
E00170:22:H00WVALXX:1:1213:18945:42359	1017799	1017836	37
E00170:22:H00WVALXX:1:1202:14428:13650	1017693	1017837	144
E00121:9:H00UWALXX:7:1108:15088:37120	1017743	1017840	97
E00170:22:H00WVALXX:1:1114:8054:7497	1017744	1017841	97
E00170:22:H00WVALXX:1:1120:28780:37419	1017745	1017842	97
E00170:22:H00WVALXX:1:1224:30130:14652	1017771	1017843	72
E00121:9:H00UWALXX:7:1102:3892:13509	1017727	1017847	120
E00170:22:H00WVALXX:1:1216:16844:2223	1017815	1017848	33
E00170:22:H00WVALXX:1:2102:20741:58621	1017779	1017850	71
E00170:22:H00WVALXX:1:2205:13667:66795	1017775	1017851	76
E00170:22:H00WVALXX:1:2208:6105:49373	1017711	1017852	141
E00170:22:H00WVALXX:1:1108:29501:16691	1017731	1017853	122
E00125:9:H05MEALXX:7:1206:21665:31318	1017765	1017854	89
E00121:9:H00UWALXX:7:1112:31429:65108	1017797	1017856	59
E00170:22:H00WVALXX:1:1217:30891:57425	1017774	1017857	83
E00125:9:H05MEALXX:7:1212:27755:31881	1017756	1017859	103
E00170:22:H00WVALXX:1:1107:4999:32936	1017757	1017860	103
E00170:22:H00WVALXX:1:2216:23188:3119	1017739	1017862	123
E00170:22:H00WVALXX:1:1216:14996:30316	1017801	1017863	62
E00170:22:H00WVALXX:1:1216:15108:30158	1017802	1017864	62
E00121:9:H00UWALXX:7:1201:9932:8710	1017781	1017865	84
E00170:22:H00WVALXX:1:1111:28709:17184	1017805	1017871	66
E00121:9:H00UWALXX:7:1102:28953:3084	1017738	1017872	134
E00121:9:H00UWALXX:7:1121:5050:55984	1017814	1017873	59
E00125:9:H05MEALXX:7:1118:27024:61451	1017808	1017875	67
E00125:9:H05MEALXX:7:2213:22071:26677	1017796	1017877	81
E00170:22:H00WVALXX:1:1222:19016:6829	1017766	1017878	112
E00170:22:H00WVALXX:1:1202:10317:20981	1017791	1017880	89
E00170:22:H00WVALXX:1:1124:30617:48934	1017827	1017882	55
E00170:22:H00WVALXX:1:1124:6389:60238	1017826	1017886	60
E00170:22:H00WVALXX:1:2207:6511:14881	1017786	1017887	101
E00170:22:H00WVALXX:1:1203:17707:47984	1017824	1017889	65
E00170:22:H00WVALXX:1:1107:6704:57302	1017820	1017891	71
E00125:9:H05MEALXX:7:2214:27105:36065	1017883	1017892	9
E00125:9:H05MEALXX:7:1115:17280:22106	1017866	1017894	28
E00125:9:H05MEALXX:7:2217:31044:68167	1017835	1017895	60
E00170:22:H00WVALXX:1:1206:10216:39757	1017787	1017896	109
E00121:9:H00UWALXX:7:1120:6004:16322	1017833	1017897	64
E00170:22:H00WVALXX:1:2108:22142:41849	1017806	1017900	94
E00170:22:H00WVALXX:1:2201:19513:64229	1017844	1017901	57
E00170:22:H00WVALXX:1:2117:7709:25148	1017750	1017904	154
E00170:22:H00WVALXX:1:2206:16438:16674	1017823	1017905	82
E00170:22:H00WVALXX:1:1205:24690:66901	1017845	1017907	62
E00170:22:H00WVALXX:1:2211:18437:59130	1017846	1017908	62
E00170:22:H00WVALXX:1:2106:27308:5827	1017867	1017909	42
E00170:22:H00WVALXX:1:2106:27339:5809	1017868	1017910	42
E00170:22:H00WVALXX:1:2106:27349:5827	1017869	1017911	42
E00170:22:H00WVALXX:1:2202:30790:51975	1017870	1017912	42
E00170:22:H00WVALXX:1:1219:27978:64440	1017807	1017914	107
E00170:22:H00WVALXX:1:2207:11485:15197	1017861	1017915	54
E00170:22:H00WVALXX:1:2205:6582:1643	1017858	1017918	60
E00170:22:H00WVALXX:1:2210:16702:39634	1017838	1017922	84
E00170:22:H00WVALXX:1:1221:25756:22159	1017855	1017929	74
E00170:22:H00WVALXX:1:1201:11261:24198	1017849	1017930	81
E00125:9:H05MEALXX:7:1112:8643:40618	1017839	1017941	102
E00170:22:H00WVALXX:1:1212:21888:47809	1017879	1017942	63
E00170:22:H00WVALXX:1:1219:12794:45136	1017898	1017950	52
E00170:22:H00WVALXX:1:2201:14824:49672	1017881	1017951	70
E00170:22:H00WVALXX:1:1118:13261:39335	1017902	1017952	50
E00170:22:H00WVALXX:1:2204:4989:3911	1017913	1017953	40
E00170:22:H00WVALXX:1:1123:4238:33375	1017885	1017954	69
E00170:22:H00WVALXX:1:2119:5709:10714	1017890	1017955	65
E00170:22:H00WVALXX:1:1116:18823:65987	1017924	1017956	32
E00170:22:H00WVALXX:1:1116:18854:65969	1017925	1017957	32
E00170:22:H00WVALXX:1:2120:15078:3348	1017926	1017958	32
E00170:22:H00WVALXX:1:2216:2624:11804	1017920	1017959	39
E00170:22:H00WVALXX:1:2205:13687:44679	1017903	1017961	58
E00125:9:H05MEALXX:7:2207:11728:32285	1017884	1017962	78
E00170:22:H00WVALXX:1:1205:16184:16516	1017899	1017963	64
E00170:22:H00WVALXX:1:1114:26243:70997	1017919	1017964	45
E00170:22:H00WVALXX:1:2213:29278:46437	1017917	1017965	48
E00170:22:H00WVALXX:1:2217:17280:37929	1017916	1017970	54
E00170:22:H00WVALXX:1:1204:20488:58181	1017937	1017974	37
E00170:22:H00WVALXX:1:2212:10490:15795	1017876	1017975	99
E00170:22:H00WVALXX:1:2105:27583:20471	1017927	1017978	51
E00170:22:H00WVALXX:1:2122:12073:47158	1017893	1017983	90
E00170:22:H00WVALXX:1:1207:29643:43730	1017874	1017988	114
E00121:9:H00UWALXX:7:1105:30780:54419	1017888	1017991	103
E00125:9:H05MEALXX:7:2106:20721:32848	1017928	1017992	64
E00121:9:H00UWALXX:7:1115:28658:28558	1017936	1017998	62
E00170:22:H00WVALXX:1:2211:29734:18643	1017960	1017999	39
E00170:22:H00WVALXX:1:2213:12611:30510	1017938	1018000	62
E00170:22:H00WVALXX:1:1110:20782:47369	1018001	1018003	2
E00170:22:H00WVALXX:1:2211:19006:53434	1018002	1018004	2
E00170:22:H00WVALXX:1:1106:8876:60572	1017939	1018005	66
E00170:22:H00WVALXX:1:1220:30567:19416	1017967	1018006	39
E00170:22:H00WVALXX:1:1203:7831:2399	1017948	1018007	59
E00170:22:H00WVALXX:1:2216:4045:27205	1017923	1018008	85
E00170:22:H00WVALXX:1:1220:7079:6794	1017943	1018009	66
E00170:22:H00WVALXX:1:2204:6653:2610	1017972	1018012	40
E00170:22:H00WVALXX:1:2204:8206:2592	1017973	1018013	40
E00170:22:H00WVALXX:1:2113:23979:53716	1017971	1018015	44
E00125:9:H05MEALXX:7:2108:23198:29367	1017946	1018016	70
E00125:9:H05MEALXX:7:2218:22294:35538	1017966	1018018	52
E00125:9:H05MEALXX:7:1206:32109:16744	1017969	1018019	50
E00170:22:H00WVALXX:1:1105:8196:47756	1017935	1018023	88
E00125:9:H05MEALXX:7:1219:13535:61433	1017944	1018024	80
E00125:9:H05MEALXX:7:2220:3334:19680	1017945	1018025	80
E00170:22:H00WVALXX:1:1114:4430:6671	1017931	1018027	96
E00121:9:H00UWALXX:7:1110:15037:9466	1017968	1018028	60
E00170:22:H00WVALXX:1:2118:6430:60519	1017906	1018029	123
E00170:22:H00WVALXX:1:1103:4136:69309	1017949	1018032	83
E00125:9:H05MEALXX:7:2123:6602:63279	1017947	1018033	86
E00170:22:H00WVALXX:1:2205:29247:26449	1017976	1018036	60
E00170:22:H00WVALXX:1:2205:29257:26466	1017977	1018037	60
E00170:22:H00WVALXX:1:2108:27796:39687	1017995	1018043	48
E00170:22:H00WVALXX:1:2118:1964:8868	1017921	1018045	124
E00170:22:H00WVALXX:1:2107:31764:68782	1017979	1018046	67
E00125:9:H05MEALXX:7:2211:19808:5528	1017984	1018047	63
E00170:22:H00WVALXX:1:1202:14367:8657	1018020	1018055	35
E00170:22:H00WVALXX:1:1202:14408:8657	1018021	1018056	35
E00170:22:H00WVALXX:1:1202:14428:8657	1018022	1018057	35
E00121:9:H00UWALXX:7:1113:15118:54190	1017940	1018080	140
E00170:22:H00WVALXX:1:1210:4644:29824	1017986	1018081	95
E00170:22:H00WVALXX:1:1112:13190:47404	1017985	1018082	97
E00125:9:H05MEALXX:7:2202:18295:39933	1017989	1018083	94
E00170:22:H00WVALXX:1:1118:22325:57566	1017990	1018084	94
E00125:9:H05MEALXX:7:2121:20823:44802	1018014	1018085	71
E00170:22:H00WVALXX:1:1116:15534:27873	1018010	1018087	77
E00170:22:H00WVALXX:1:1221:7770:34887	1018011	1018088	77
E00170:22:H00WVALXX:1:2220:3019:1520	1017982	1018089	107
E00170:22:H00WVALXX:1:1121:6694:70505	1017993	1018093	100
E00170:22:H00WVALXX:1:2211:18935:38509	1017980	1018097	117
E00170:22:H00WVALXX:1:1220:5435:23565	1018034	1018098	64
E00125:9:H05MEALXX:7:2215:32170:3102	1018069	1018104	35
E00170:22:H00WVALXX:1:1220:21635:28488	1017996	1018105	109
E00170:22:H00WVALXX:1:1202:17707:16691	1018042	1018108	66
E00170:22:H00WVALXX:1:1209:6552:69520	1018051	1018109	58
E00170:22:H00WVALXX:1:2102:22670:13334	1018052	1018110	58
E00125:9:H05MEALXX:7:2113:19950:24058	1018038	1018113	75
E00170:22:H00WVALXX:1:1210:22751:50287	1018030	1018114	84
E00125:9:H05MEALXX:7:1203:2329:43431	1018017	1018116	99
E00170:22:H00WVALXX:1:1102:26436:59306	1018031	1018117	86
E00170:22:H00WVALXX:1:2218:8247:47879	1017994	1018118	124
E00125:9:H05MEALXX:7:2208:10825:58955	1018026	1018119	93
E00125:9:H05MEALXX:7:1109:14367:53311	1018065	1018123	58
E00125:9:H05MEALXX:7:2220:23888:49022	1018063	1018124	61
E00125:9:H05MEALXX:7:1202:12550:12261	1018076	1018126	50
E00125:9:H05MEALXX:7:2209:5608:38561	1018050	1018127	77
E00121:9:H00UWALXX:7:1117:7891:49619	1018035	1018128	93
E00125:9:H05MEALXX:7:2124:6866:26115	1018048	1018129	81
E00170:22:H00WVALXX:1:1116:7678:35467	1017987	1018130	143
E00170:22:H00WVALXX:1:1211:18031:29947	1018041	1018131	90
E00170:22:H00WVALXX:1:2221:3436:70487	1018058	1018133	75
E00170:22:H00WVALXX:1:1104:23543:63156	1018060	1018134	74
E00125:9:H05MEALXX:7:1214:3385:48987	1018071	1018135	64
E00170:22:H00WVALXX:1:2119:29714:28101	1018068	1018136	68
E00125:9:H05MEALXX:7:1202:12520:12279	1018075	1018138	63
E00170:22:H00WVALXX:1:1208:7597:28119	1018044	1018139	95
E00170:22:H00WVALXX:1:1219:20183:12332	1018040	1018140	100
E00170:22:H00WVALXX:1:1113:20325:35819	1018039	1018141	102
E00125:9:H05MEALXX:7:2211:16184:21333	1018079	1018142	63
E00170:22:H00WVALXX:1:1114:23786:34993	1018070	1018143	73
E00170:22:H00WVALXX:1:1116:15859:44539	1018067	1018148	81
E00121:9:H00UWALXX:7:1110:6948:16762	1018061	1018150	89
E00170:22:H00WVALXX:1:1101:22792:52010	1018115	1018151	36
E00170:22:H00WVALXX:1:1117:18742:9941	1018053	1018152	99
E00170:22:H00WVALXX:1:2203:8399:50147	1018066	1018153	87
E00170:22:H00WVALXX:1:2106:29511:13720	1017997	1018154	157
E00125:9:H05MEALXX:7:1210:19320:34465	1018064	1018155	91
E00170:22:H00WVALXX:1:1113:2451:20858	1018073	1018156	83
E00121:9:H00UWALXX:7:1106:28983:24972	1018095	1018159	64
E00121:9:H00UWALXX:7:1106:29003:24972	1018096	1018160	64
E00170:22:H00WVALXX:1:1109:9993:21895	1018054	1018161	107
E00170:22:H00WVALXX:1:2216:17808:8956	1018074	1018166	92
E00125:9:H05MEALXX:7:2205:27603:21948	1018086	1018167	81
E00170:22:H00WVALXX:1:2223:14540:55860	1018078	1018168	90
E00121:9:H00UWALXX:7:1119:14195:28400	1018072	1018170	98
E00121:9:H00UWALXX:7:1109:23117:49092	1018062	1018174	112
E00170:22:H00WVALXX:1:1118:32789:48231	1018049	1018175	126
E00121:9:H00UWALXX:7:1109:4775:28013	1018102	1018176	74
E00170:22:H00WVALXX:1:1108:26456:30756	1018059	1018178	119
E00170:22:H00WVALXX:1:2217:27999:4596	1018091	1018179	88
E00170:22:H00WVALXX:1:1202:21909:28681	1018112	1018182	70
E00121:9:H00UWALXX:7:1104:2938:36047	1018111	1018184	73
E00121:9:H00UWALXX:7:1114:16306:38702	1018092	1018185	93
E00121:9:H00UWALXX:7:1121:19625:54190	1018164	1018186	22
E00170:22:H00WVALXX:1:1109:14042:52221	1018094	1018189	95
E00125:9:H05MEALXX:7:2106:31044:18942	1018171	1018193	22
E00170:22:H00WVALXX:1:2124:18397:5194	1018172	1018194	22
E00170:22:H00WVALXX:1:1219:31876:57618	1018099	1018195	96
E00170:22:H00WVALXX:1:2222:12875:31248	1018101	1018196	95
E00121:9:H00UWALXX:7:2101:30749:19487	1018162	1018204	42
E00125:9:H05MEALXX:7:1210:7963:40284	1018106	1018205	99
E00170:22:H00WVALXX:1:1116:26476:62471	1018107	1018206	99
E00125:9:H05MEALXX:7:2202:3913:21948	1018132	1018208	76
E00170:22:H00WVALXX:1:2120:19422:23741	1018144	1018209	65
E00170:22:H00WVALXX:1:2120:19483:23706	1018145	1018210	65
E00170:22:H00WVALXX:1:2121:17169:3172	1018120	1018212	92
E00170:22:H00WVALXX:1:2112:7100:36505	1018100	1018215	115
E00125:9:H05MEALXX:7:2104:28466:67956	1018146	1018219	73
E00170:22:H00WVALXX:1:1220:21939:69415	1018147	1018220	73
E00170:22:H00WVALXX:1:1107:20904:69977	1018125	1018222	97
E00125:9:H05MEALXX:7:2119:19737:32197	1018121	1018223	102
E00170:22:H00WVALXX:1:2105:3365:30598	1018122	1018224	102
E00170:22:H00WVALXX:1:2215:31044:49285	1018191	1018225	34
E00170:22:H00WVALXX:1:2108:18539:26220	1018157	1018226	69
E00170:22:H00WVALXX:1:1208:6785:70241	1018077	1018228	151
E00125:9:H05MEALXX:7:2113:16235:66391	1018137	1018230	93
E00170:22:H00WVALXX:1:1113:22396:70417	1018090	1018235	145
E00170:22:H00WVALXX:1:1220:26233:67006	1018103	1018237	134
E00170:22:H00WVALXX:1:1201:17443:57654	1018169	1018239	70
E00121:9:H00UWALXX:7:1112:18478:16059	1018187	1018241	54
E00170:22:H00WVALXX:1:2101:8267:13246	1018188	1018242	54
E00170:22:H00WVALXX:1:1219:23695:20278	1018173	1018243	70
E00121:9:H00UWALXX:7:1109:27471:2170	1018180	1018244	64
E00170:22:H00WVALXX:1:2115:18031:11066	1018181	1018245	64
E00170:22:H00WVALXX:1:2121:13383:16375	1018163	1018248	85
E00125:9:H05MEALXX:7:1207:23654:70487	1018183	1018249	66
E00170:22:H00WVALXX:1:2204:31511:52309	1018190	1018250	60
E00125:9:H05MEALXX:7:1203:2228:56159	1018149	1018251	102
E00170:22:H00WVALXX:1:2215:18914:53663	1018158	1018252	94
E00170:22:H00WVALXX:1:1103:3385:48565	1018201	1018255	54
E00170:22:H00WVALXX:1:1216:30780:24919	1018192	1018258	66
E00170:22:H00WVALXX:1:1215:10368:63121	1018213	1018261	48
E00125:9:H05MEALXX:7:1119:4674:25095	1018211	1018262	51
E00170:22:H00WVALXX:1:1208:9820:61785	1018233	1018266	33
E00121:9:H00UWALXX:7:1105:17981:28523	1018207	1018267	60
E00170:22:H00WVALXX:1:1109:28384:36592	1018197	1018268	71
E00170:22:H00WVALXX:1:2113:6968:53856	1018229	1018271	42
E00170:22:H00WVALXX:1:2108:28729:53294	1018214	1018275	61
E00121:9:H00UWALXX:7:1109:11008:58251	1018165	1018276	111
E00170:22:H00WVALXX:1:2224:24203:5440	1018177	1018277	100
E00170:22:H00WVALXX:1:1119:24274:40091	1018234	1018281	47
E00125:9:H05MEALXX:7:2104:16113:16463	1018198	1018283	85
E00170:22:H00WVALXX:1:2118:23411:71683	1018199	1018284	85
E00170:22:H00WVALXX:1:2118:23421:71665	1018200	1018285	85
E00170:22:H00WVALXX:1:2220:27867:25956	1018232	1018286	54
E00121:9:H00UWALXX:7:1119:27288:32584	1018282	1018288	6
E00170:22:H00WVALXX:1:2108:20244:53294	1018236	1018290	54
E00170:22:H00WVALXX:1:2115:16580:47475	1018202	1018292	90
E00125:9:H05MEALXX:7:1205:32211:27046	1018227	1018294	67
E00125:9:H05MEALXX:7:2114:23512:61451	1018217	1018296	79
E00170:22:H00WVALXX:1:1201:5861:45752	1018203	1018297	94
E00170:22:H00WVALXX:1:1103:28780:45330	1018274	1018301	27
E00121:9:H00UWALXX:7:1105:31683:68079	1018246	1018304	58
E00170:22:H00WVALXX:1:1114:25806:59201	1018247	1018305	58
E00170:22:H00WVALXX:1:1120:23746:51202	1018218	1018306	88
E00170:22:H00WVALXX:1:1215:26283:46701	1018256	1018309	53
E00170:22:H00WVALXX:1:2217:9302:13633	1018254	1018310	56
E00121:9:H00UWALXX:7:1106:9353:59289	1018263	1018312	49
E00125:9:H05MEALXX:7:1221:29227:50358	1018257	1018313	56
E00170:22:H00WVALXX:1:1221:26476:3471	1018231	1018314	83
E00170:22:H00WVALXX:1:1213:9932:18836	1018259	1018315	56
E00170:22:H00WVALXX:1:2105:22376:23020	1018265	1018316	51
E00121:9:H00UWALXX:7:1115:3375:8042	1018253	1018317	64
E00170:22:H00WVALXX:1:2223:11363:11716	1018216	1018319	103
E00170:22:H00WVALXX:1:2210:17595:17307	1018221	1018322	101
E00121:9:H00UWALXX:7:1111:16834:30053	1018269	1018323	54
E00170:22:H00WVALXX:1:2109:23807:9044	1018272	1018326	54
E00170:22:H00WVALXX:1:1207:31450:54173	1018260	1018330	70
E00121:9:H00UWALXX:7:1120:9353:53100	1018270	1018331	61
E00125:9:H05MEALXX:7:2215:11058:36083	1018280	1018335	55
E00170:22:H00WVALXX:1:1217:5801:71525	1018295	1018338	43
E00170:22:H00WVALXX:1:2224:16367:67499	1018289	1018340	51
E00170:22:H00WVALXX:1:1112:18082:31406	1018318	1018345	27
E00125:9:H05MEALXX:7:1209:14611:71735	1018302	1018346	44
E00170:22:H00WVALXX:1:1218:15890:30281	1018303	1018347	44
E00170:22:H00WVALXX:1:1208:18600:55896	1018311	1018355	44
E00125:9:H05MEALXX:7:1117:5872:68413	1018287	1018356	69
E00170:22:H00WVALXX:1:1118:21188:52714	1018240	1018357	117
E00170:22:H00WVALXX:1:1104:23959:71472	1018307	1018358	51
E00170:22:H00WVALXX:1:2223:19341:33551	1018308	1018359	51
E00121:9:H00UWALXX:7:1106:8835:10257	1018298	1018360	62
E00125:9:H05MEALXX:7:2213:27511:36311	1018300	1018361	61
E00170:22:H00WVALXX:1:1103:16235:60484	1018337	1018362	25
E00170:22:H00WVALXX:1:1122:7963:7409	1018264	1018363	99
E00125:9:H05MEALXX:7:2214:3222:33375	1018278	1018365	87
E00170:22:H00WVALXX:1:2220:7617:26044	1018238	1018366	128
E00170:22:H00WVALXX:1:2214:6328:45400	1018349	1018368	19
E00170:22:H00WVALXX:1:2111:12073:49690	1018334	1018370	36
E00121:9:H00UWALXX:7:1118:22386:29367	1018374	1018377	3
E00170:22:H00WVALXX:1:2218:26781:24603	1018273	1018382	109
E00125:9:H05MEALXX:7:2211:24487:19329	1018299	1018384	85
E00170:22:H00WVALXX:1:1110:4024:50657	1018327	1018385	58
E00170:22:H00WVALXX:1:1221:4603:19311	1018328	1018386	58
E00170:22:H00WVALXX:1:1205:8876:67358	1018329	1018388	59
E00170:22:H00WVALXX:1:1211:6379:24251	1018348	1018389	41
E00170:22:H00WVALXX:1:1106:24253:57777	1018293	1018390	97
E00121:9:H00UWALXX:7:1110:26233:51395	1018341	1018394	53
E00170:22:H00WVALXX:1:2115:4918:62998	1018342	1018395	53
E00170:22:H00WVALXX:1:2106:30140:67165	1018291	1018399	108
E00121:9:H00UWALXX:7:1111:4897:50797	1018321	1018401	80
E00170:22:H00WVALXX:1:1205:27339:73142	1018353	1018402	49
E00170:22:H00WVALXX:1:2223:25898:42869	1018352	1018407	55
E00170:22:H00WVALXX:1:2103:7912:3032	1018339	1018408	69
E00170:22:H00WVALXX:1:2204:21706:44750	1018332	1018411	79
E00170:22:H00WVALXX:1:2213:4065:70804	1018333	1018412	79
E00170:22:H00WVALXX:1:1214:21076:20735	1018325	1018413	88
E00170:22:H00WVALXX:1:1214:21127:61328	1018343	1018417	74
E00125:9:H05MEALXX:7:2212:26517:34764	1018336	1018418	82
E00170:22:H00WVALXX:1:1212:31490:27099	1018354	1018419	65
E00170:22:H00WVALXX:1:2217:25715:27152	1018324	1018421	97
E00125:9:H05MEALXX:7:2220:14306:46103	1018371	1018423	52
E00121:9:H00UWALXX:7:1114:22650:46455	1018279	1018424	145
E00125:9:H05MEALXX:7:1212:17230:36751	1018369	1018425	56
E00125:9:H05MEALXX:7:1218:29663:27134	1018351	1018427	76
E00121:9:H00UWALXX:7:1121:28354:2750	1018375	1018428	53
E00170:22:H00WVALXX:1:1106:24223:3541	1018376	1018429	53
E00170:22:H00WVALXX:1:1108:9394:58726	1018364	1018434	70
E00121:9:H00UWALXX:7:1108:22974:6126	1018380	1018437	57
E00125:9:H05MEALXX:7:1213:2106:71489	1018396	1018447	51
E00170:22:H00WVALXX:1:1102:10196:20489	1018344	1018449	105
E00121:9:H00UWALXX:7:1109:1710:48863	1018378	1018452	74
E00170:22:H00WVALXX:1:2114:19239:60027	1018379	1018453	74
E00170:22:H00WVALXX:1:1214:14164:56616	1018400	1018454	54
E00170:22:H00WVALXX:1:2107:27258:55421	1018381	1018456	75
E00121:9:H00UWALXX:7:1102:18742:64862	1018398	1018457	59
E00121:9:H00UWALXX:7:1108:3486:54190	1018367	1018458	91
E00121:9:H00UWALXX:7:1112:24771:65952	1018404	1018459	55
E00125:9:H05MEALXX:7:2120:24436:72931	1018405	1018460	55
E00170:22:H00WVALXX:1:2118:15007:63350	1018406	1018461	55
E00170:22:H00WVALXX:1:2213:7648:22124	1018393	1018465	72
E00170:22:H00WVALXX:1:2108:8622:8060	1018420	1018466	46
E00125:9:H05MEALXX:7:2107:27674:36206	1018320	1018469	149
E00170:22:H00WVALXX:1:1107:12429:57232	1018422	1018470	48
E00121:9:H00UWALXX:7:1122:29826:53259	1018426	1018471	45
E00170:22:H00WVALXX:1:1123:14540:55720	1018350	1018472	122
E00170:22:H00WVALXX:1:2111:17148:66215	1018391	1018473	82
E00170:22:H00WVALXX:1:1205:19757:69925	1018443	1018474	31
E00170:22:H00WVALXX:1:2111:13393:40829	1018444	1018475	31
E00170:22:H00WVALXX:1:2209:22903:27908	1018445	1018476	31
E00121:9:H00UWALXX:7:1115:25725:66303	1018409	1018477	68
E00125:9:H05MEALXX:7:1224:26304:31019	1018464	1018480	16
E00170:22:H00WVALXX:1:2221:5851:44117	1018372	1018481	109
E00170:22:H00WVALXX:1:2221:5861:44134	1018373	1018482	109
E00121:9:H00UWALXX:7:1113:4126:23970	1018414	1018483	69
E00121:9:H00UWALXX:7:1105:2238:45523	1018403	1018485	82
E00125:9:H05MEALXX:7:2203:21300:18168	1018410	1018487	77
E00125:9:H05MEALXX:7:2216:7770:9607	1018397	1018494	97
E00170:22:H00WVALXX:1:1104:15159:18186	1018430	1018497	67
E00170:22:H00WVALXX:1:2117:27045:63068	1018435	1018499	64
E00170:22:H00WVALXX:1:1112:8764:63332	1018383	1018500	117
E00125:9:H05MEALXX:7:1219:30475:38350	1018438	1018501	63
E00170:22:H00WVALXX:1:2121:15118:55491	1018431	1018502	71
E00170:22:H00WVALXX:1:2220:19879:47527	1018439	1018503	64
E00170:22:H00WVALXX:1:1115:28395:12173	1018387	1018507	120
E00170:22:H00WVALXX:1:1113:31003:70804	1018446	1018508	62
E00170:22:H00WVALXX:1:1208:30912:6477	1018392	1018511	119
E00170:22:H00WVALXX:1:1114:7435:64369	1018415	1018515	100
E00121:9:H00UWALXX:7:1103:17899:61117	1018432	1018520	88
E00121:9:H00UWALXX:7:1103:17910:61099	1018433	1018521	88
E00121:9:H00UWALXX:7:1104:12063:40777	1018436	1018522	86
E00170:22:H00WVALXX:1:2105:32191:69134	1018440	1018524	84
E00170:22:H00WVALXX:1:2122:10764:4174	1018441	1018525	84
E00170:22:H00WVALXX:1:1213:13109:70751	1018416	1018527	111
E00170:22:H00WVALXX:1:2110:24101:15531	1018455	1018529	74
E00125:9:H05MEALXX:7:2103:30820:53399	1018463	1018531	68
E00170:22:H00WVALXX:1:1118:11403:52678	1018484	1018536	52
E00121:9:H00UWALXX:7:1122:21564:30404	1018451	1018542	91
E00170:22:H00WVALXX:1:1221:12824:41779	1018543	1018544	1
E00121:9:H00UWALXX:7:1117:25806:17887	1018513	1018548	35
E00121:9:H00UWALXX:7:1117:25867:17746	1018514	1018549	35
E00125:9:H05MEALXX:7:2108:22244:8903	1018492	1018551	59
E00170:22:H00WVALXX:1:2206:13068:70645	1018468	1018552	84
E00170:22:H00WVALXX:1:2224:4369:8710	1018479	1018556	77
E00125:9:H05MEALXX:7:1113:7617:38456	1018462	1018558	96
E00170:22:H00WVALXX:1:1118:6775:18116	1018478	1018561	83
E00170:22:H00WVALXX:1:1111:12987:37911	1018516	1018565	49
E00170:22:H00WVALXX:1:2112:25492:70153	1018517	1018566	49
E00170:22:H00WVALXX:1:2112:25512:70153	1018518	1018567	49
E00170:22:H00WVALXX:1:1106:25400:1748	1018505	1018570	65
E00121:9:H00UWALXX:7:1119:4684:16322	1018467	1018572	105
E00121:9:H00UWALXX:7:1108:29541:15531	1018448	1018573	125
E00170:22:H00WVALXX:1:2206:14986:9519	1018506	1018575	69
E00170:22:H00WVALXX:1:1210:22731:40161	1018486	1018576	90
E00121:9:H00UWALXX:7:1113:30678:8569	1018450	1018577	127
E00170:22:H00WVALXX:1:1224:27116:16885	1018442	1018578	136
E00121:9:H00UWALXX:7:1119:14540:18344	1018530	1018581	51
E00170:22:H00WVALXX:1:2102:18366:67903	1018488	1018582	94
E00170:22:H00WVALXX:1:1114:10713:35168	1018495	1018584	89
E00170:22:H00WVALXX:1:1114:10734:35168	1018496	1018585	89
E00170:22:H00WVALXX:1:1115:16834:55544	1018493	1018586	93
E00170:22:H00WVALXX:1:1123:27735:19715	1018509	1018588	79
E00170:22:H00WVALXX:1:1221:19696:43414	1018491	1018589	98
E00170:22:H00WVALXX:1:2104:4390:65459	1018523	1018591	68
E00170:22:H00WVALXX:1:2112:30455:52766	1018490	1018592	102
E00170:22:H00WVALXX:1:2212:15514:6952	1018504	1018593	89
E00121:9:H00UWALXX:7:1110:5973:26431	1018519	1018595	76
E00170:22:H00WVALXX:1:2212:13575:55245	1018534	1018596	62
E00121:9:H00UWALXX:7:1102:29511:4403	1018559	1018597	38
E00121:9:H00UWALXX:7:1113:20051:15443	1018528	1018598	70
E00170:22:H00WVALXX:1:1120:14530:65090	1018537	1018601	64
E00170:22:H00WVALXX:1:1120:14530:65125	1018538	1018602	64
E00170:22:H00WVALXX:1:1112:14053:15672	1018532	1018604	72
E00170:22:H00WVALXX:1:2120:28080:58076	1018533	1018605	72
E00170:22:H00WVALXX:1:1206:9597:23812	1018535	1018606	71
E00170:22:H00WVALXX:1:2210:27329:48406	1018540	1018608	68
E00121:9:H00UWALXX:7:1107:15413:10785	1018512	1018612	100
E00170:22:H00WVALXX:1:2122:14347:72439	1018489	1018615	126
E00170:22:H00WVALXX:1:1117:18498:73054	1018547	1018617	70
E00125:9:H05MEALXX:7:2112:25583:72280	1018526	1018623	97
E00170:22:H00WVALXX:1:1204:12215:29719	1018510	1018628	118
E00170:22:H00WVALXX:1:2115:27116:9642	1018611	1018629	18
E00170:22:H00WVALXX:1:2214:29968:52028	1018583	1018630	47
E00170:22:H00WVALXX:1:1112:26730:8798	1018594	1018631	37
E00125:9:H05MEALXX:7:1213:10084:32285	1018554	1018632	78
E00170:22:H00WVALXX:1:2113:5181:62857	1018555	1018633	78
E00170:22:H00WVALXX:1:1212:30851:27574	1018622	1018636	14
E00125:9:H05MEALXX:7:2121:16752:11593	1018550	1018640	90
E00170:22:H00WVALXX:1:2208:30150:18977	1018564	1018642	78
E00121:9:H00UWALXX:7:2101:21421:31494	1018574	1018643	69
E00170:22:H00WVALXX:1:1121:21208:14072	1018569	1018644	75
E00170:22:H00WVALXX:1:1206:9485:33428	1018498	1018649	151
E00170:22:H00WVALXX:1:1218:27623:19627	1018562	1018657	95
E00170:22:H00WVALXX:1:2112:5435:38052	1018553	1018661	108
E00170:22:H00WVALXX:1:1210:14936:55210	1018646	1018662	16
E00121:9:H00UWALXX:7:1124:30029:45558	1018541	1018666	125
E00121:9:H00UWALXX:7:1117:14489:14002	1018568	1018667	99
E00125:9:H05MEALXX:7:2119:15128:46965	1018539	1018668	129
E00170:22:H00WVALXX:1:2215:25553:56757	1018580	1018669	89
E00170:22:H00WVALXX:1:1215:19513:29912	1018610	1018670	60
E00170:22:H00WVALXX:1:2208:18437:3436	1018620	1018671	51
E00170:22:H00WVALXX:1:2208:18498:3471	1018621	1018672	51
E00125:9:H05MEALXX:7:2211:6937:35520	1018545	1018673	128
E00170:22:H00WVALXX:1:2223:10531:1871	1018546	1018674	128
E00125:9:H05MEALXX:7:2217:9475:22194	1018626	1018683	57
E00170:22:H00WVALXX:1:1108:23573:5053	1018627	1018684	57
E00170:22:H00WVALXX:1:1109:3953:70575	1018599	1018685	86
E00170:22:H00WVALXX:1:1118:16996:7198	1018587	1018686	99
E00170:22:H00WVALXX:1:1205:10277:33217	1018655	1018690	35
E00170:22:H00WVALXX:1:2106:18590:52432	1018656	1018691	35
E00125:9:H05MEALXX:7:2219:27704:14635	1018603	1018697	94
E00125:9:H05MEALXX:7:1118:16955:33498	1018616	1018700	84
E00170:22:H00WVALXX:1:2108:2989:20594	1018579	1018703	124
E00121:9:H00UWALXX:7:1111:25136:46226	1018614	1018709	95
E00170:22:H00WVALXX:1:2210:20488:49180	1018634	1018712	78
E00170:22:H00WVALXX:1:1106:15321:32391	1018557	1018718	161
E00170:22:H00WVALXX:1:2122:4745:8165	1018571	1018720	149
E00121:9:H00UWALXX:7:1113:17605:38772	1018647	1018723	76
E00121:9:H00UWALXX:7:1113:1944:56687	1018641	1018724	83
E00125:9:H05MEALXX:7:2124:14885:54770	1018607	1018725	118
E00121:9:H00UWALXX:7:1120:7567:5809	1018638	1018726	88
E00170:22:H00WVALXX:1:2211:30181:47510	1018664	1018728	64
E00125:9:H05MEALXX:7:1106:19564:13369	1018654	1018730	76
E00170:22:H00WVALXX:1:2118:26182:63227	1018590	1018731	141
E00170:22:H00WVALXX:1:2211:30171:47492	1018663	1018732	69
E00170:22:H00WVALXX:1:1211:14205:12419	1018624	1018733	109
E00170:22:H00WVALXX:1:1201:8135:36364	1018707	1018734	27
E00170:22:H00WVALXX:1:1120:3202:60836	1018651	1018736	85
E00125:9:H05MEALXX:7:2117:10368:15021	1018618	1018738	120
E00170:22:H00WVALXX:1:1203:11556:1361	1018619	1018739	120
E00170:22:H00WVALXX:1:2114:6836:23917	1018648	1018741	93
E00170:22:H00WVALXX:1:1208:29704:53012	1018613	1018742	129
E00170:22:H00WVALXX:1:2122:13119:1608	1018639	1018743	104
E00121:9:H00UWALXX:7:1119:6491:72685	1018653	1018744	91
E00121:9:H00UWALXX:7:1103:24872:30967	1018637	1018747	110
E00121:9:H00UWALXX:7:1110:26882:2451	1018677	1018748	71
E00121:9:H00UWALXX:7:1116:29491:53382	1018722	1018751	29
E00125:9:H05MEALXX:7:2205:22782:58251	1018625	1018754	129
E00170:22:H00WVALXX:1:1106:12560:45013	1018688	1018755	67
E00125:9:H05MEALXX:7:1213:19686:63473	1018609	1018756	147
E00170:22:H00WVALXX:1:1209:23878:2627	1018650	1018757	107
E00121:9:H00UWALXX:7:1105:29085:38684	1018678	1018761	83
E00125:9:H05MEALXX:7:2109:7699:54313	1018679	1018762	83
E00125:9:H05MEALXX:7:1201:30810:66215	1018687	1018764	77
E00170:22:H00WVALXX:1:2205:30719:21790	1018702	1018765	63
E00170:22:H00WVALXX:1:1209:9850:33885	1018729	1018766	37
E00170:22:H00WVALXX:1:1202:28283:72702	1018665	1018767	102
E00121:9:H00UWALXX:7:1123:13362:54243	1018645	1018769	124
E00170:22:H00WVALXX:1:1206:30282:40091	1018721	1018773	52
E00170:22:H00WVALXX:1:2205:12713:38702	1018659	1018775	116
E00125:9:H05MEALXX:7:1101:3862:21122	1018680	1018779	99
E00125:9:H05MEALXX:7:2113:21888:34237	1018681	1018780	99
E00170:22:H00WVALXX:1:2218:4390:13035	1018682	1018781	99
E00125:9:H05MEALXX:7:2120:32566:45523	1018635	1018784	149
E00170:22:H00WVALXX:1:2224:27207:20981	1018711	1018785	74
E00121:9:H00UWALXX:7:1123:28699:18748	1018652	1018787	135
E00170:22:H00WVALXX:1:1117:22355:25482	1018675	1018791	116
E00170:22:H00WVALXX:1:1121:19463:53241	1018676	1018792	116
E00170:22:H00WVALXX:1:1212:20711:38737	1018692	1018793	101
E00170:22:H00WVALXX:1:1222:10937:16568	1018699	1018794	95
E00170:22:H00WVALXX:1:2107:25370:60062	1018710	1018795	85
E00121:9:H00UWALXX:7:1122:29856:63367	1018701	1018796	95
E00170:22:H00WVALXX:1:1108:5973:27732	1018693	1018799	106
E00170:22:H00WVALXX:1:1220:7729:32918	1018717	1018800	83
E00121:9:H00UWALXX:7:1112:10256:29701	1018749	1018801	52
E00125:9:H05MEALXX:7:1110:10500:71015	1018698	1018802	104
E00125:9:H05MEALXX:7:2205:5679:64246	1018750	1018803	53
E00125:9:H05MEALXX:7:2204:14134:48723	1018660	1018806	146
E00170:22:H00WVALXX:1:1103:27187:19188	1018704	1018807	103
E00121:9:H00UWALXX:7:1120:11901:67006	1018782	1018808	26
E00170:22:H00WVALXX:1:2217:17280:66760	1018783	1018809	26
E00125:9:H05MEALXX:7:2204:28638:8728	1018770	1018811	41
E00170:22:H00WVALXX:1:2110:32850:44890	1018658	1018812	154
E00170:22:H00WVALXX:1:2124:32373:38684	1018740	1018814	74
E00170:22:H00WVALXX:1:1219:14113:15180	1018695	1018815	120
E00170:22:H00WVALXX:1:2101:5029:54577	1018696	1018816	120
E00121:9:H00UWALXX:7:1111:26639:48266	1018694	1018818	124
E00170:22:H00WVALXX:1:2204:25329:11189	1018760	1018823	63
E00170:22:H00WVALXX:1:1213:9333:46455	1018689	1018826	137
E00125:9:H05MEALXX:7:2104:6795:33235	1018600	1018827	227
E00170:22:H00WVALXX:1:2206:27836:19364	1018706	1018828	122
E00170:22:H00WVALXX:1:2124:15839:8851	1018716	1018829	113
E00121:9:H00UWALXX:7:1117:30628:55562	1018705	1018830	125
E00170:22:H00WVALXX:1:1120:28141:44785	1018713	1018831	118
E00121:9:H00UWALXX:7:1117:9353:44345	1018772	1018833	61
E00170:22:H00WVALXX:1:1122:15545:2610	1018763	1018834	71
E00170:22:H00WVALXX:1:1118:9241:56810	1018708	1018835	127
E00170:22:H00WVALXX:1:2102:5283:18309	1018714	1018836	122
E00170:22:H00WVALXX:1:2102:5324:18731	1018715	1018837	122
E00125:9:H05MEALXX:7:1221:15900:45558	1018746	1018838	92
E00170:22:H00WVALXX:1:2220:25624:3928	1018771	1018846	75
E00121:9:H00UWALXX:7:1105:8785:53768	1018752	1018847	95
E00121:9:H00UWALXX:7:1104:8044:52942	1018789	1018851	62
E00121:9:H00UWALXX:7:1201:12479:25991	1018745	1018852	107
E00170:22:H00WVALXX:1:1204:24456:23882	1018727	1018853	126
E00125:9:H05MEALXX:7:2224:26415:14617	1018735	1018856	121
E00121:9:H00UWALXX:7:1120:20884:14986	1018797	1018857	60
E00170:22:H00WVALXX:1:2206:8511:23372	1018798	1018858	60
E00170:22:H00WVALXX:1:2213:2948:45594	1018810	1018859	49
E00121:9:H00UWALXX:7:1120:13119:23513	1018804	1018861	57
E00170:22:H00WVALXX:1:2221:27765:50217	1018805	1018862	57
E00170:22:H00WVALXX:1:2221:3831:46666	1018768	1018863	95
E00170:22:H00WVALXX:1:2209:8856:26994	1018719	1018864	145
E00170:22:H00WVALXX:1:1124:8856:5159	1018753	1018867	114
E00170:22:H00WVALXX:1:1219:6247:17201	1018758	1018868	110
E00170:22:H00WVALXX:1:2213:19117:15021	1018759	1018869	110
E00121:9:H00UWALXX:7:2101:20315:56476	1018813	1018870	57
E00170:22:H00WVALXX:1:2115:4491:4983	1018821	1018871	50
E00170:22:H00WVALXX:1:1110:16235:70364	1018788	1018872	84
E00121:9:H00UWALXX:7:1103:13312:67059	1018776	1018874	98
E00125:9:H05MEALXX:7:2112:5273:68255	1018777	1018876	99
E00125:9:H05MEALXX:7:2112:5993:70030	1018778	1018877	99
E00170:22:H00WVALXX:1:2210:27532:43976	1018737	1018878	141
E00125:9:H05MEALXX:7:2222:18275:45383	1018840	1018879	39
E00170:22:H00WVALXX:1:2104:3903:70452	1018824	1018882	58
E00170:22:H00WVALXX:1:2108:29450:54225	1018825	1018883	58
E00121:9:H00UWALXX:7:1123:10947:17676	1018817	1018884	67
E00170:22:H00WVALXX:1:1104:17199:9765	1018839	1018885	46
E00170:22:H00WVALXX:1:1110:18508:40232	1018774	1018890	116
E00125:9:H05MEALXX:7:2115:29349:64668	1018786	1018893	107
E00170:22:H00WVALXX:1:2219:23949:33270	1018790	1018900	110
E00125:9:H05MEALXX:7:1203:12347:44011	1018832	1018905	73
E00170:22:H00WVALXX:1:1202:12195:66250	1018822	1018908	86
E00170:22:H00WVALXX:1:2202:28090:15408	1018843	1018910	67
E00121:9:H00UWALXX:7:1119:27258:43080	1018841	1018914	73
E00170:22:H00WVALXX:1:1214:10825:46191	1018865	1018923	58
E00170:22:H00WVALXX:1:1214:10855:46174	1018866	1018924	58
E00170:22:H00WVALXX:1:1203:13251:11400	1018907	1018929	22
E00125:9:H05MEALXX:7:1218:26070:71085	1018873	1018930	57
E00170:22:H00WVALXX:1:2114:10409:48776	1018845	1018931	86
E00170:22:H00WVALXX:1:1215:30191:34096	1018849	1018932	83
E00125:9:H05MEALXX:7:1120:14296:53329	1018897	1018933	36
E00170:22:H00WVALXX:1:1214:9962:3594	1018898	1018934	36
E00170:22:H00WVALXX:1:2202:29105:17975	1018899	1018935	36
E00170:22:H00WVALXX:1:2216:6136:39300	1018860	1018943	83
E00170:22:H00WVALXX:1:1213:21472:41146	1018886	1018944	58
E00170:22:H00WVALXX:1:2224:6440:24954	1018889	1018947	58
E00170:22:H00WVALXX:1:2116:22457:5827	1018820	1018949	129
E00170:22:H00WVALXX:1:2121:13413:31055	1018855	1018951	96
E00170:22:H00WVALXX:1:1104:16844:9747	1018896	1018952	56
E00170:22:H00WVALXX:1:2121:17859:1695	1018819	1018953	134
E00170:22:H00WVALXX:1:1208:2045:52889	1018842	1018954	112
E00170:22:H00WVALXX:1:1210:5770:42359	1018848	1018956	108
E00121:9:H00UWALXX:7:1117:17433:63262	1018937	1018957	20
E00125:9:H05MEALXX:7:2213:27116:73072	1018938	1018958	20
E00170:22:H00WVALXX:1:1222:13839:39810	1018891	1018962	71
E00125:9:H05MEALXX:7:1201:32038:18731	1018844	1018963	119
E00170:22:H00WVALXX:1:1223:11708:35415	1018850	1018968	118
E00125:9:H05MEALXX:7:2117:5659:33551	1018921	1018970	49
E00170:22:H00WVALXX:1:2207:26050:66901	1018888	1018972	84
E00121:9:H00UWALXX:7:1124:6897:6055	1018895	1018973	78
E00125:9:H05MEALXX:7:2113:11018:47193	1018925	1018975	50
E00170:22:H00WVALXX:1:2219:4238:19311	1018875	1018977	102
E00170:22:H00WVALXX:1:1119:32455:45189	1018942	1018980	38
E00170:22:H00WVALXX:1:1222:16955:52415	1018922	1018981	59
E00170:22:H00WVALXX:1:1104:24619:13193	1018917	1018983	66
E00170:22:H00WVALXX:1:1104:24629:13211	1018918	1018984	66
E00170:22:H00WVALXX:1:1104:24639:13228	1018919	1018985	66
E00125:9:H05MEALXX:7:2115:7749:70786	1018901	1018988	87
E00170:22:H00WVALXX:1:2102:25096:33533	1018902	1018989	87
E00125:9:H05MEALXX:7:2102:11728:68430	1018913	1018991	78
E00170:22:H00WVALXX:1:1222:17788:11593	1018909	1018993	84
E00170:22:H00WVALXX:1:1103:20467:34342	1018940	1018995	55
E00121:9:H00UWALXX:7:1109:13707:55403	1018903	1018996	93
E00125:9:H05MEALXX:7:2121:14388:65934	1018887	1018999	112
E00125:9:H05MEALXX:7:1222:24883:59324	1018936	1019001	65
E00170:22:H00WVALXX:1:2216:22091:71366	1018894	1019002	108
E00170:22:H00WVALXX:1:1216:30414:37542	1018854	1019004	150
E00125:9:H05MEALXX:7:1111:14590:55034	1018920	1019005	85
E00170:22:H00WVALXX:1:1117:29156:20805	1018880	1019006	126
E00170:22:H00WVALXX:1:2208:11637:63947	1018904	1019007	103
E00170:22:H00WVALXX:1:2216:3578:56247	1018950	1019008	58
E00170:22:H00WVALXX:1:1124:18417:4737	1018939	1019010	71
E00125:9:H05MEALXX:7:1109:4126:47563	1018946	1019011	65
E00170:22:H00WVALXX:1:1204:22376:5546	1018892	1019013	121
E00170:22:H00WVALXX:1:1112:30171:6987	1018926	1019016	90
E00170:22:H00WVALXX:1:1217:16996:65776	1018881	1019017	136
E00170:22:H00WVALXX:1:1118:4857:16234	1018966	1019020	54
E00170:22:H00WVALXX:1:1121:18508:44662	1018967	1019021	54
E00125:9:H05MEALXX:7:1214:21665:61732	1018978	1019023	45
E00121:9:H00UWALXX:7:1115:30161:24761	1018997	1019024	27
E00170:22:H00WVALXX:1:2201:29704:56845	1018974	1019027	53
E00121:9:H00UWALXX:7:1124:11820:18274	1018906	1019029	123
E00121:9:H00UWALXX:7:1201:27034:19909	1018945	1019030	85
E00170:22:H00WVALXX:1:1122:27786:9853	1018992	1019035	43
E00125:9:H05MEALXX:7:1107:7201:57742	1018986	1019036	50
E00170:22:H00WVALXX:1:1217:8145:46262	1018915	1019037	122
E00121:9:H00UWALXX:7:1122:18549:31125	1018960	1019038	78
E00170:22:H00WVALXX:1:1105:17199:24497	1018948	1019041	93
E00170:22:H00WVALXX:1:1116:27511:16340	1018979	1019042	63
E00121:9:H00UWALXX:7:1103:30628:70716	1018912	1019043	131
E00170:22:H00WVALXX:1:1211:13596:58937	1018976	1019044	68
E00170:22:H00WVALXX:1:2212:9719:6618	1018961	1019049	88
E00170:22:H00WVALXX:1:2122:15880:40636	1019003	1019053	50
E00170:22:H00WVALXX:1:1105:7932:71384	1018965	1019054	89
E00170:22:H00WVALXX:1:1119:24741:62840	1018959	1019055	96
E00170:22:H00WVALXX:1:1208:27501:40618	1018911	1019056	145
E00170:22:H00WVALXX:1:2111:8632:6671	1018928	1019057	129
E00121:9:H00UWALXX:7:1116:27024:10011	1018927	1019059	132
E00170:22:H00WVALXX:1:1210:17098:57478	1018916	1019060	144
E00170:22:H00WVALXX:1:1211:11931:44556	1019000	1019061	61
E00125:9:H05MEALXX:7:2109:20681:56863	1018987	1019062	75
E00121:9:H00UWALXX:7:1120:11373:37436	1018955	1019063	108
E00121:9:H00UWALXX:7:1103:25015:66936	1018969	1019068	99
E00121:9:H00UWALXX:7:1120:5171:62277	1019040	1019069	29
E00121:9:H00UWALXX:7:1122:32444:24638	1018971	1019070	99
E00170:22:H00WVALXX:1:1205:12875:24392	1019012	1019078	66
E00125:9:H05MEALXX:7:2204:13454:57003	1018998	1019079	81
E00170:22:H00WVALXX:1:1209:26639:12543	1018982	1019080	98
E00121:9:H00UWALXX:7:1116:18123:13896	1018964	1019082	118
E00170:22:H00WVALXX:1:2116:27674:15566	1019019	1019083	64
E00170:22:H00WVALXX:1:2107:15829:36680	1019014	1019084	70
E00170:22:H00WVALXX:1:1207:8135:33903	1019039	1019086	47
E00170:22:H00WVALXX:1:2109:5831:67006	1019073	1019090	17
E00125:9:H05MEALXX:7:2101:13789:15355	1019052	1019091	39
E00170:22:H00WVALXX:1:2109:23949:72122	1019048	1019094	46
E00170:22:H00WVALXX:1:2202:23005:5968	1019015	1019097	82
E00170:22:H00WVALXX:1:2122:8582:16428	1019009	1019099	90
E00170:22:H00WVALXX:1:2110:3060:52362	1018994	1019100	106
E00170:22:H00WVALXX:1:2110:29278:3506	1019025	1019102	77
E00125:9:H05MEALXX:7:1123:9201:16023	1019065	1019103	38
E00170:22:H00WVALXX:1:2118:17361:25763	1019031	1019104	73
E00170:22:H00WVALXX:1:2113:5009:15725	1019022	1019105	83
E00170:22:H00WVALXX:1:2112:30810:69309	1018990	1019106	116
E00170:22:H00WVALXX:1:2104:7770:70645	1019050	1019109	59
E00170:22:H00WVALXX:1:1119:28719:68817	1019033	1019110	77
E00170:22:H00WVALXX:1:2207:13220:9308	1019045	1019112	67
E00170:22:H00WVALXX:1:2217:15727:43291	1019046	1019113	67
E00170:22:H00WVALXX:1:1213:28313:2715	1019018	1019115	97
E00170:22:H00WVALXX:1:2103:12104:35924	1018941	1019116	175
E00121:9:H00UWALXX:7:1110:8835:72140	1019034	1019120	86
E00170:22:H00WVALXX:1:2120:30039:49338	1019032	1019121	89
E00170:22:H00WVALXX:1:2122:25147:50885	1019028	1019128	100
E00125:9:H05MEALXX:7:1122:10490:31125	1019107	1019132	25
E00125:9:H05MEALXX:7:1122:10845:30967	1019108	1019133	25
E00170:22:H00WVALXX:1:1212:3446:48776	1019089	1019134	45
E00170:22:H00WVALXX:1:2216:30851:3137	1019051	1019135	84
E00170:22:H00WVALXX:1:1204:16418:27890	1019026	1019138	112
E00170:22:H00WVALXX:1:1109:3060:52256	1019047	1019143	96
E00170:22:H00WVALXX:1:1115:20021:68272	1019087	1019144	57
E00170:22:H00WVALXX:1:1113:28080:10222	1019081	1019145	64
E00125:9:H05MEALXX:7:2101:14682:45207	1019095	1019148	53
E00170:22:H00WVALXX:1:1110:18427:17518	1019096	1019149	53
E00170:22:H00WVALXX:1:1210:19402:71278	1019064	1019151	87
E00170:22:H00WVALXX:1:1113:8348:38104	1019123	1019153	30
E00170:22:H00WVALXX:1:2102:5730:26079	1019124	1019154	30
E00170:22:H00WVALXX:1:2102:5740:26097	1019125	1019155	30
E00170:22:H00WVALXX:1:2102:5750:26115	1019126	1019156	30
E00170:22:H00WVALXX:1:2210:24649:16023	1019075	1019157	82
E00170:22:H00WVALXX:1:2107:2806:24673	1019066	1019158	92
E00170:22:H00WVALXX:1:2121:18204:53557	1019072	1019159	87
E00125:9:H05MEALXX:7:2211:6349:23987	1019101	1019161	60
E00170:22:H00WVALXX:1:1112:3050:22563	1019092	1019162	70
E00170:22:H00WVALXX:1:2113:5374:24937	1019093	1019163	70
E00170:22:H00WVALXX:1:1214:21066:30527	1019077	1019171	94
E00170:22:H00WVALXX:1:2121:25918:27960	1019098	1019172	74
E00170:22:H00WVALXX:1:1104:18813:47439	1019076	1019173	97
E00121:9:H00UWALXX:7:1119:4928:42904	1019071	1019174	103
E00170:22:H00WVALXX:1:1115:16590:64404	1019127	1019176	49
E00170:22:H00WVALXX:1:1203:21361:18977	1019114	1019187	73
E00121:9:H00UWALXX:7:1118:13251:33094	1019085	1019190	105
E00125:9:H05MEALXX:7:2107:10368:12560	1019122	1019193	71
E00170:22:H00WVALXX:1:1207:13007:31793	1019111	1019195	84
E00125:9:H05MEALXX:7:1111:30983:67006	1019130	1019200	70
E00170:22:H00WVALXX:1:2203:25796:71946	1019131	1019201	70
E00170:22:H00WVALXX:1:1206:27308:45242	1019140	1019204	64
E00170:22:H00WVALXX:1:2121:31602:46174	1019058	1019206	148
E00170:22:H00WVALXX:1:1217:7902:55263	1019146	1019207	61
E00170:22:H00WVALXX:1:1124:14651:54401	1019118	1019208	90
E00125:9:H05MEALXX:7:1102:8754:26747	1019137	1019209	72
E00121:9:H00UWALXX:7:1117:21959:63016	1019150	1019211	61
E00170:22:H00WVALXX:1:2203:15514:64897	1019067	1019213	146
E00170:22:H00WVALXX:1:2111:32130:60132	1019074	1019216	142
E00125:9:H05MEALXX:7:2120:30333:41480	1019166	1019217	51
E00170:22:H00WVALXX:1:2216:3294:61451	1019199	1019218	19
E00170:22:H00WVALXX:1:2114:28354:39634	1019119	1019220	101
E00170:22:H00WVALXX:1:1210:18448:22546	1019088	1019223	135
E00170:22:H00WVALXX:1:2211:11414:23829	1019129	1019224	95
E00170:22:H00WVALXX:1:1117:22233:43836	1019160	1019225	65
E00170:22:H00WVALXX:1:2108:32089:56722	1019167	1019226	59
E00170:22:H00WVALXX:1:2203:3781:70276	1019164	1019228	64
E00170:22:H00WVALXX:1:2203:3791:70294	1019165	1019229	64
E00170:22:H00WVALXX:1:2221:30242:16990	1019139	1019231	92
E00121:9:H00UWALXX:7:1116:31226:64932	1019177	1019232	55
E00121:9:H00UWALXX:7:1116:31257:64949	1019178	1019233	55
E00170:22:H00WVALXX:1:1219:23320:69028	1019179	1019234	55
E00170:22:H00WVALXX:1:1217:16681:9536	1019117	1019235	118
E00125:9:H05MEALXX:7:1110:28628:52626	1019175	1019237	62
E00170:22:H00WVALXX:1:1212:31511:11347	1019136	1019238	102
E00121:9:H00UWALXX:7:1116:30222:18608	1019182	1019240	58
E00170:22:H00WVALXX:1:2107:27420:37770	1019152	1019244	92
E00170:22:H00WVALXX:1:1106:25035:54138	1019169	1019245	76
E00125:9:H05MEALXX:7:1105:18021:11189	1019180	1019248	68
E00170:22:H00WVALXX:1:2115:27237:63684	1019141	1019249	108
E00170:22:H00WVALXX:1:1204:32130:18924	1019147	1019251	104
E00170:22:H00WVALXX:1:1216:12155:9958	1019170	1019252	82
E00170:22:H00WVALXX:1:1122:26040:47299	1019181	1019253	72
E00170:22:H00WVALXX:1:1208:8003:8886	1019203	1019254	51
E00170:22:H00WVALXX:1:2107:16925:25570	1019168	1019255	87
E00170:22:H00WVALXX:1:1116:21066:29719	1019142	1019256	114
E00170:22:H00WVALXX:1:1119:11474:33041	1019184	1019258	74
E00121:9:H00UWALXX:7:1119:30425:29297	1019230	1019259	29
E00170:22:H00WVALXX:1:1203:11119:49549	1019196	1019260	64
E00170:22:H00WVALXX:1:2110:24548:72597	1019185	1019261	76
E00125:9:H05MEALXX:7:1122:32718:36786	1019215	1019262	47
E00170:22:H00WVALXX:1:1216:27826:72368	1019197	1019263	66
E00170:22:H00WVALXX:1:1221:14164:12947	1019198	1019264	66
E00170:22:H00WVALXX:1:2205:31551:8886	1019186	1019266	80
E00125:9:H05MEALXX:7:1122:10043:67903	1019189	1019271	82
E00170:22:H00WVALXX:1:1224:32769:59271	1019210	1019272	62
E00125:9:H05MEALXX:7:1202:13362:13211	1019183	1019275	92
E00170:22:H00WVALXX:1:2221:30272:9132	1019219	1019276	57
E00170:22:H00WVALXX:1:1112:11505:50639	1019188	1019277	89
E00170:22:H00WVALXX:1:1209:29064:54577	1019242	1019279	37
E00170:22:H00WVALXX:1:2124:19666:2188	1019243	1019280	37
E00170:22:H00WVALXX:1:1214:15159:45013	1019194	1019281	87
E00125:9:H05MEALXX:7:2123:10500:24462	1019241	1019283	42
E00121:9:H00UWALXX:7:1107:26040:38122	1019214	1019284	70
E00125:9:H05MEALXX:7:2218:3669:51342	1019205	1019289	84
E00170:22:H00WVALXX:1:1110:17087:45928	1019192	1019290	98
E00125:9:H05MEALXX:7:2118:29491:49127	1019236	1019291	55
E00170:22:H00WVALXX:1:2209:30506:41286	1019221	1019292	71
E00121:9:H00UWALXX:7:1105:20254:28664	1019239	1019297	58
E00170:22:H00WVALXX:1:1212:19818:30439	1019246	1019300	54
E00170:22:H00WVALXX:1:1218:16438:10064	1019212	1019303	91
E00170:22:H00WVALXX:1:1216:14296:5792	1019191	1019305	114
E00170:22:H00WVALXX:1:1122:3679:5757	1019257	1019311	54
E00170:22:H00WVALXX:1:1110:24192:15619	1019202	1019315	113
E00170:22:H00WVALXX:1:1220:14256:46297	1019222	1019316	94
E00170:22:H00WVALXX:1:2219:20914:42851	1019302	1019320	18
E00170:22:H00WVALXX:1:1106:21462:43765	1019269	1019324	55
E00121:9:H00UWALXX:7:1103:14743:2627	1019247	1019326	79
E00170:22:H00WVALXX:1:2104:30191:35467	1019286	1019329	43
E00121:9:H00UWALXX:7:1116:17737:27679	1019267	1019330	63
E00125:9:H05MEALXX:7:2215:28547:59236	1019273	1019332	59
E00170:22:H00WVALXX:1:1219:31643:30527	1019293	1019335	42
E00170:22:H00WVALXX:1:1103:31125:53470	1019282	1019337	55
E00125:9:H05MEALXX:7:2206:18173:25904	1019299	1019338	39
E00125:9:H05MEALXX:7:2121:6440:11980	1019250	1019339	89
E00121:9:H00UWALXX:7:1109:25725:57759	1019301	1019342	41
E00170:22:H00WVALXX:1:1222:29623:2662	1019298	1019343	45
E00170:22:H00WVALXX:1:1203:28110:40513	1019227	1019346	119
E00170:22:H00WVALXX:1:1210:8957:18871	1019285	1019347	62
E00125:9:H05MEALXX:7:2219:22842:60431	1019274	1019348	74
E00170:22:H00WVALXX:1:2209:23482:71806	1019304	1019350	46
E00121:9:H00UWALXX:7:1104:27877:25376	1019307	1019355	48
E00121:9:H00UWALXX:7:1109:18833:45857	1019287	1019356	69
E00170:22:H00WVALXX:1:2202:26476:49813	1019325	1019357	32
E00170:22:H00WVALXX:1:2214:31064:35713	1019288	1019360	72
E00125:9:H05MEALXX:7:2204:9363:59728	1019312	1019363	51
E00170:22:H00WVALXX:1:1103:21442:60080	1019313	1019364	51
E00125:9:H05MEALXX:7:1209:6004:15619	1019308	1019365	57
E00170:22:H00WVALXX:1:2210:13545:43097	1019309	1019366	57
E00170:22:H00WVALXX:1:1116:13971:59587	1019268	1019367	99
E00121:9:H00UWALXX:7:1112:28943:59394	1019295	1019368	73
E00170:22:H00WVALXX:1:1216:9333:40759	1019265	1019369	104
E00121:9:H00UWALXX:7:1103:30120:9150	1019328	1019370	42
E00125:9:H05MEALXX:7:2222:10602:30228	1019306	1019371	65
E00170:22:H00WVALXX:1:2116:5740:45822	1019294	1019375	81
E00121:9:H00UWALXX:7:1107:16215:53628	1019319	1019380	61
E00125:9:H05MEALXX:7:1208:14895:43853	1019334	1019382	48
E00170:22:H00WVALXX:1:2202:30374:54349	1019278	1019383	105
E00125:9:H05MEALXX:7:1222:23391:19786	1019327	1019386	59
E00125:9:H05MEALXX:7:1218:22081:72896	1019310	1019389	79
E00121:9:H00UWALXX:7:1108:24477:8692	1019331	1019391	60
E00125:9:H05MEALXX:7:2118:29440:14969	1019314	1019394	80
E00121:9:H00UWALXX:7:1105:5831:60080	1019321	1019400	79
E00125:9:H05MEALXX:7:2224:7678:54067	1019361	1019401	40
E00125:9:H05MEALXX:7:2106:15880:63385	1019322	1019403	81
E00125:9:H05MEALXX:7:1210:14834:64563	1019358	1019404	46
E00170:22:H00WVALXX:1:2209:23797:22845	1019270	1019405	135
E00125:9:H05MEALXX:7:1105:10043:7778	1019349	1019406	57
E00170:22:H00WVALXX:1:2214:18985:33815	1019378	1019410	32
E00170:22:H00WVALXX:1:1106:28790:39862	1019352	1019412	60
E00170:22:H00WVALXX:1:2104:28212:40196	1019353	1019413	60
E00125:9:H05MEALXX:7:1210:2522:4983	1019374	1019417	43
E00125:9:H05MEALXX:7:2219:5171:52010	1019323	1019419	96
E00170:22:H00WVALXX:1:2213:32546:14898	1019362	1019420	58
E00170:22:H00WVALXX:1:2101:23492:28963	1019317	1019421	104
E00125:9:H05MEALXX:7:1112:8084:40741	1019351	1019425	74
E00170:22:H00WVALXX:1:2201:12520:29648	1019296	1019428	132
E00170:22:H00WVALXX:1:2216:31379:40935	1019341	1019429	88
E00125:9:H05MEALXX:7:1102:13921:7743	1019359	1019430	71
E00170:22:H00WVALXX:1:1207:20650:64862	1019373	1019432	59
E00121:9:H00UWALXX:7:1120:1385:6952	1019397	1019433	36
E00170:22:H00WVALXX:1:1106:19950:62980	1019408	1019434	26
E00170:22:H00WVALXX:1:1212:12794:7866	1019392	1019435	43
E00170:22:H00WVALXX:1:2201:27481:18819	1019393	1019436	43
E00170:22:H00WVALXX:1:1201:23614:32971	1019344	1019438	94
E00125:9:H05MEALXX:7:2204:23035:19522	1019402	1019439	37
E00170:22:H00WVALXX:1:1117:18904:63947	1019340	1019440	100
E00125:9:H05MEALXX:7:2218:22335:67604	1019345	1019441	96
E00170:22:H00WVALXX:1:1214:26202:22300	1019387	1019445	58
E00170:22:H00WVALXX:1:1207:3263:46209	1019372	1019448	76
E00121:9:H00UWALXX:7:1105:17717:2961	1019377	1019449	72
E00170:22:H00WVALXX:1:1122:26842:65459	1019385	1019455	70
E00170:22:H00WVALXX:1:2105:31683:13580	1019376	1019456	80
E00170:22:H00WVALXX:1:2218:16884:4543	1019336	1019457	121
E00170:22:H00WVALXX:1:1210:28445:34061	1019396	1019462	66
E00170:22:H00WVALXX:1:2116:22447:15865	1019411	1019463	52
E00121:9:H00UWALXX:7:1120:10125:37770	1019381	1019466	85
E00170:22:H00WVALXX:1:1207:13383:54173	1019415	1019467	52
E00170:22:H00WVALXX:1:2112:15210:72913	1019416	1019468	52
E00170:22:H00WVALXX:1:2121:24132:55104	1019354	1019469	115
E00121:9:H00UWALXX:7:1107:13981:32285	1019333	1019470	137
E00125:9:H05MEALXX:7:1120:12469:16445	1019426	1019472	46
E00170:22:H00WVALXX:1:1105:21066:30879	1019427	1019473	46
E00170:22:H00WVALXX:1:2214:4136:11083	1019424	1019474	50
E00170:22:H00WVALXX:1:1103:26618:48195	1019418	1019475	57
E00170:22:H00WVALXX:1:2211:23543:10415	1019388	1019478	90
E00170:22:H00WVALXX:1:1219:17544:3295	1019398	1019480	82
E00121:9:H00UWALXX:7:1105:24720:10661	1019414	1019481	67
E00170:22:H00WVALXX:1:2124:20924:58726	1019422	1019482	60
E00121:9:H00UWALXX:7:1113:32343:27732	1019453	1019483	30
E00121:9:H00UWALXX:7:1114:26131:28013	1019431	1019484	53
E00170:22:H00WVALXX:1:1124:19564:52362	1019407	1019486	79
E00170:22:H00WVALXX:1:2111:22426:50639	1019399	1019487	88
E00170:22:H00WVALXX:1:2223:11718:51184	1019384	1019488	104
E00170:22:H00WVALXX:1:2107:11251:40847	1019379	1019489	110
E00170:22:H00WVALXX:1:1108:8785:29437	1019390	1019490	100
E00125:9:H05MEALXX:7:2210:24213:62101	1019444	1019493	49
E00125:9:H05MEALXX:7:1104:7049:13316	1019443	1019497	54
E00170:22:H00WVALXX:1:2222:30841:44855	1019471	1019502	31
E00170:22:H00WVALXX:1:1216:21736:25148	1019459	1019504	45
E00170:22:H00WVALXX:1:2102:7658:29420	1019409	1019509	100
E00170:22:H00WVALXX:1:2208:26679:7093	1019454	1019510	56
E00121:9:H00UWALXX:7:1110:19320:5739	1019446	1019511	65
E00125:9:H05MEALXX:7:2210:28252:49338	1019452	1019513	61
E00121:9:H00UWALXX:7:1107:23705:34852	1019458	1019516	58
E00170:22:H00WVALXX:1:2217:23949:58339	1019460	1019517	57
E00170:22:H00WVALXX:1:2103:13738:23249	1019447	1019519	72
E00170:22:H00WVALXX:1:2220:32658:44662	1019423	1019522	99
E00170:22:H00WVALXX:1:1204:26192:2451	1019465	1019527	62
E00125:9:H05MEALXX:7:2218:25938:72333	1019395	1019528	133
E00170:22:H00WVALXX:1:2220:31206:49778	1019496	1019529	33
E00170:22:H00WVALXX:1:2117:32576:7145	1019442	1019533	91
E00170:22:H00WVALXX:1:1102:24132:59289	1019451	1019535	84
E00121:9:H00UWALXX:7:1124:16824:42201	1019461	1019536	75
E00125:9:H05MEALXX:7:1112:3344:61855	1019479	1019537	58
E00170:22:H00WVALXX:1:2111:12906:14846	1019464	1019539	75
E00170:22:H00WVALXX:1:2105:9323:17324	1019499	1019540	41
E00170:22:H00WVALXX:1:2219:24142:19258	1019485	1019543	58
E00121:9:H00UWALXX:7:1116:16133:8622	1019494	1019545	51
E00170:22:H00WVALXX:1:1117:30790:58304	1019495	1019546	51
E00170:22:H00WVALXX:1:1210:28242:69011	1019507	1019547	40
E00170:22:H00WVALXX:1:2209:11779:13000	1019476	1019553	77
E00170:22:H00WVALXX:1:1221:15098:49549	1019506	1019555	49
E00170:22:H00WVALXX:1:2210:16478:59148	1019437	1019556	119
E00170:22:H00WVALXX:1:1104:15484:20049	1019514	1019557	43
E00125:9:H05MEALXX:7:2107:24538:62945	1019538	1019560	22
E00170:22:H00WVALXX:1:2209:22010:14019	1019512	1019563	51
E00170:22:H00WVALXX:1:2119:21046:32602	1019477	1019564	87
E00170:22:H00WVALXX:1:2201:20031:13791	1019500	1019565	65
E00170:22:H00WVALXX:1:1210:30475:8253	1019508	1019568	60
E00170:22:H00WVALXX:1:2106:19666:14529	1019520	1019571	51
E00125:9:H05MEALXX:7:2206:32647:11136	1019526	1019576	50
E00170:22:H00WVALXX:1:1121:27319:24304	1019498	1019579	81
E00121:9:H00UWALXX:7:1109:13271:32461	1019548	1019580	32
E00170:22:H00WVALXX:1:2108:25370:18116	1019549	1019581	32
E00170:22:H00WVALXX:1:2210:21249:47123	1019550	1019582	32
E00170:22:H00WVALXX:1:1214:26588:54823	1019503	1019584	81
E00121:9:H00UWALXX:7:1121:24730:25376	1019450	1019587	137
E00170:22:H00WVALXX:1:1109:13525:69221	1019501	1019589	88
E00125:9:H05MEALXX:7:1103:18387:11646	1019515	1019592	77
E00121:9:H00UWALXX:7:1106:5202:2240	1019491	1019593	102
E00170:22:H00WVALXX:1:2223:4197:7286	1019492	1019594	102
E00121:9:H00UWALXX:7:1116:13159:69819	1019523	1019597	74
E00170:22:H00WVALXX:1:2120:29521:55017	1019524	1019598	74
E00170:22:H00WVALXX:1:1104:24324:12754	1019530	1019609	79
E00170:22:H00WVALXX:1:2112:6176:3577	1019531	1019610	79
E00170:22:H00WVALXX:1:2112:6186:3559	1019532	1019611	79
E00170:22:H00WVALXX:1:1104:12195:42939	1019541	1019612	71
E00170:22:H00WVALXX:1:2113:23340:16076	1019518	1019614	96
E00170:22:H00WVALXX:1:2218:5567:71401	1019572	1019615	43
E00170:22:H00WVALXX:1:2219:9566:53048	1019551	1019617	66
E00121:9:H00UWALXX:7:1119:3679:46437	1019525	1019618	93
E00170:22:H00WVALXX:1:1207:11820:69643	1019558	1019619	61
E00170:22:H00WVALXX:1:2111:7059:34887	1019559	1019620	61
E00121:9:H00UWALXX:7:1112:27400:9782	1019561	1019621	60
E00121:9:H00UWALXX:7:1112:27511:9659	1019562	1019622	60
E00125:9:H05MEALXX:7:2113:27308:60466	1019534	1019623	89
E00121:9:H00UWALXX:7:1108:19605:66426	1019573	1019624	51
E00121:9:H00UWALXX:7:1108:24974:25236	1019575	1019625	50
E00170:22:H00WVALXX:1:2122:31247:35327	1019505	1019626	121
E00121:9:H00UWALXX:7:1112:20183:50762	1019521	1019627	106
E00170:22:H00WVALXX:1:1222:5009:24444	1019588	1019629	41
E00121:9:H00UWALXX:7:1112:19635:11382	1019566	1019635	69
E00125:9:H05MEALXX:7:1208:24893:35116	1019586	1019643	57
E00121:9:H00UWALXX:7:1105:10388:64176	1019544	1019645	101
E00121:9:H00UWALXX:7:1102:4268:49356	1019552	1019648	96
E00170:22:H00WVALXX:1:2109:32404:64229	1019542	1019654	112
E00170:22:H00WVALXX:1:2222:32536:22897	1019574	1019655	81
E00170:22:H00WVALXX:1:1116:3771:69204	1019567	1019656	89
E00170:22:H00WVALXX:1:1105:16052:65196	1019578	1019658	80
E00170:22:H00WVALXX:1:1208:16844:15795	1019569	1019660	91
E00170:22:H00WVALXX:1:2221:21635:66532	1019570	1019675	105
E00170:22:H00WVALXX:1:1221:27684:48424	1019634	1019676	42
E00121:9:H00UWALXX:7:1121:3771:73212	1019554	1019677	123
E00170:22:H00WVALXX:1:1114:29755:31969	1019590	1019678	88
E00170:22:H00WVALXX:1:2213:15768:33832	1019591	1019679	88
E00170:22:H00WVALXX:1:1108:28993:64826	1019583	1019680	97
E00170:22:H00WVALXX:1:2217:7557:65565	1019639	1019684	45
E00170:22:H00WVALXX:1:2217:7597:65494	1019640	1019685	45
E00170:22:H00WVALXX:1:1106:29054:63701	1019602	1019687	85
E00170:22:H00WVALXX:1:1106:29064:63684	1019603	1019688	85
E00121:9:H00UWALXX:7:1111:14316:36417	1019585	1019690	105
E00121:9:H00UWALXX:7:1119:9769:26536	1019577	1019691	114
E00170:22:H00WVALXX:1:1211:14631:2680	1019613	1019692	79
E00121:9:H00UWALXX:7:1113:21838:10275	1019605	1019693	88
E00125:9:H05MEALXX:7:1121:11211:24321	1019606	1019694	88
E00170:22:H00WVALXX:1:2221:27461:8411	1019608	1019695	87
E00170:22:H00WVALXX:1:1207:21696:1590	1019659	1019696	37
E00170:22:H00WVALXX:1:1118:3091:8745	1019607	1019697	90
E00170:22:H00WVALXX:1:2218:5121:45101	1019616	1019698	82
E00170:22:H00WVALXX:1:1107:32120:10749	1019600	1019700	100
E00170:22:H00WVALXX:1:2217:17250:31652	1019630	1019701	71
E00170:22:H00WVALXX:1:1121:30831:59464	1019604	1019702	98
E00170:22:H00WVALXX:1:2211:7942:28822	1019596	1019703	107
E00121:9:H00UWALXX:7:1103:29176:7866	1019601	1019704	103
E00170:22:H00WVALXX:1:1101:4298:72087	1019653	1019705	52
E00125:9:H05MEALXX:7:1208:23939:31459	1019632	1019707	75
E00125:9:H05MEALXX:7:2118:30008:7479	1019599	1019710	111
E00125:9:H05MEALXX:7:1107:20701:6020	1019671	1019711	40
E00170:22:H00WVALXX:1:2215:22497:55896	1019674	1019712	38
E00121:9:H00UWALXX:7:1104:4684:2293	1019644	1019715	71
E00125:9:H05MEALXX:7:2223:5435:45013	1019662	1019716	54
E00125:9:H05MEALXX:7:2223:5476:44978	1019663	1019717	54
E00170:22:H00WVALXX:1:2109:30638:30967	1019595	1019718	123
E00170:22:H00WVALXX:1:1117:18062:23179	1019638	1019719	81
E00170:22:H00WVALXX:1:1124:8795:23477	1019689	1019723	34
E00170:22:H00WVALXX:1:2107:23949:6407	1019631	1019725	94
E00170:22:H00WVALXX:1:1107:20244:65389	1019642	1019727	85
E00125:9:H05MEALXX:7:2207:10317:36241	1019669	1019728	59
E00170:22:H00WVALXX:1:1117:26283:45330	1019670	1019729	59
E00121:9:H00UWALXX:7:1118:29582:67428	1019649	1019732	83
E00121:9:H00UWALXX:7:1116:8846:52538	1019665	1019733	68
E00121:9:H00UWALXX:7:1103:8825:42798	1019666	1019734	68
E00170:22:H00WVALXX:1:2118:4613:35045	1019682	1019737	55
E00125:9:H05MEALXX:7:2203:24832:2065	1019661	1019740	79
E00125:9:H05MEALXX:7:2120:3974:28312	1019651	1019742	91
E00170:22:H00WVALXX:1:2202:19117:66532	1019672	1019743	71
E00170:22:H00WVALXX:1:2208:7435:28119	1019673	1019744	71
E00125:9:H05MEALXX:7:2106:6542:52485	1019683	1019745	62
E00170:22:H00WVALXX:1:2122:16895:61451	1019628	1019748	120
E00121:9:H00UWALXX:7:1122:9008:3770	1019652	1019749	97
E00170:22:H00WVALXX:1:2205:19777:61064	1019721	1019750	29
E00170:22:H00WVALXX:1:1117:28293:6829	1019636	1019753	117
E00121:9:H00UWALXX:7:1113:16549:31213	1019708	1019755	47
E00170:22:H00WVALXX:1:1107:9597:51377	1019657	1019756	99
E00170:22:H00WVALXX:1:1210:20853:15953	1019646	1019758	112
E00125:9:H05MEALXX:7:1112:6146:72544	1019706	1019762	56
E00170:22:H00WVALXX:1:1112:20193:44732	1019664	1019763	99
E00121:9:H00UWALXX:7:1104:14174:59834	1019681	1019764	83
E00170:22:H00WVALXX:1:1205:14905:59658	1019668	1019765	97
E00170:22:H00WVALXX:1:2209:17433:34078	1019633	1019766	133
E00170:22:H00WVALXX:1:1102:26811:43572	1019637	1019768	131
E00170:22:H00WVALXX:1:2215:2959:72052	1019641	1019773	132
E00125:9:H05MEALXX:7:2214:5496:40161	1019686	1019778	92
E00121:9:H00UWALXX:7:1114:30323:3278	1019650	1019779	129
E00170:22:H00WVALXX:1:2116:16235:26870	1019724	1019780	56
E00125:9:H05MEALXX:7:2111:7465:36399	1019720	1019786	66
E00121:9:H00UWALXX:7:2101:29653:33797	1019667	1019794	127
E00125:9:H05MEALXX:7:2112:9140:31283	1019647	1019798	151
E00121:9:H00UWALXX:7:1106:2187:51026	1019738	1019802	64
E00170:22:H00WVALXX:1:2221:6389:57179	1019713	1019803	90
E00170:22:H00WVALXX:1:1113:23269:24989	1019735	1019805	70
E00170:22:H00WVALXX:1:2110:7120:72122	1019736	1019806	70
E00170:22:H00WVALXX:1:2118:25157:67815	1019726	1019810	84
E00125:9:H05MEALXX:7:2204:9810:2451	1019699	1019811	112
E00170:22:H00WVALXX:1:1204:20315:26800	1019722	1019812	90
E00170:22:H00WVALXX:1:2118:28689:1221	1019714	1019814	100
E00170:22:H00WVALXX:1:1109:9252:20999	1019751	1019815	64
E00170:22:H00WVALXX:1:2217:24954:32865	1019796	1019818	22
E00121:9:H00UWALXX:7:1113:16052:35801	1019757	1019821	64
E00170:22:H00WVALXX:1:1124:21523:21860	1019752	1019822	70
E00125:9:H05MEALXX:7:1107:16539:38157	1019754	1019829	75
E00125:9:H05MEALXX:7:2121:14712:2504	1019730	1019831	101
E00170:22:H00WVALXX:1:2114:31825:39915	1019731	1019832	101
E00170:22:H00WVALXX:1:2112:17544:17852	1019761	1019833	72
E00125:9:H05MEALXX:7:2223:29399:39581	1019741	1019834	93
E00125:9:H05MEALXX:7:2213:5070:2188	1019746	1019836	90
E00170:22:H00WVALXX:1:2223:8714:59939	1019777	1019837	60
E00121:9:H00UWALXX:7:1104:20944:23143	1019709	1019838	129
E00125:9:H05MEALXX:7:1107:2248:29156	1019771	1019842	71
E00125:9:H05MEALXX:7:1219:5080:8745	1019739	1019843	104
E00170:22:H00WVALXX:1:1204:31074:46736	1019772	1019844	72
E00121:9:H00UWALXX:7:2101:30100:54296	1019767	1019845	78
E00170:22:H00WVALXX:1:2112:25573:56898	1019795	1019848	53
E00121:9:H00UWALXX:7:1102:30800:5194	1019769	1019850	81
E00121:9:H00UWALXX:7:1104:7526:56159	1019775	1019851	76
E00121:9:H00UWALXX:7:1105:23472:12964	1019776	1019852	76
E00170:22:H00WVALXX:1:2109:5425:69432	1019770	1019853	83
E00170:22:H00WVALXX:1:1106:17270:53804	1019784	1019854	70
E00125:9:H05MEALXX:7:2102:18640:21438	1019747	1019855	108
E00170:22:H00WVALXX:1:2216:4877:60326	1019787	1019856	69
E00170:22:H00WVALXX:1:1214:25177:66198	1019797	1019857	60
E00170:22:H00WVALXX:1:1112:12469:2381	1019760	1019858	98
E00170:22:H00WVALXX:1:1113:4501:53135	1019782	1019859	77
E00170:22:H00WVALXX:1:2119:4034:15865	1019759	1019860	101
E00121:9:H00UWALXX:7:1120:1233:17834	1019792	1019861	69
E00121:9:H00UWALXX:7:1116:32079:50059	1019785	1019863	78
E00170:22:H00WVALXX:1:2222:32048:35274	1019823	1019864	41
E00170:22:H00WVALXX:1:2222:32150:35450	1019824	1019865	41
E00170:22:H00WVALXX:1:2218:16418:57390	1019781	1019866	85
E00170:22:H00WVALXX:1:1215:26517:2487	1019801	1019869	68
E00170:22:H00WVALXX:1:1204:7049:29349	1019813	1019871	58
E00170:22:H00WVALXX:1:2112:16346:39546	1019825	1019872	47
E00170:22:H00WVALXX:1:2122:13799:31652	1019783	1019873	90
E00170:22:H00WVALXX:1:2221:30455:24392	1019807	1019878	71
E00170:22:H00WVALXX:1:2221:30526:24409	1019808	1019879	71
E00170:22:H00WVALXX:1:1120:32749:17606	1019774	1019880	106
E00170:22:H00WVALXX:1:2122:15179:64246	1019788	1019882	94
E00170:22:H00WVALXX:1:1218:31318:56054	1019790	1019883	93
E00170:22:H00WVALXX:1:2102:22396:9202	1019799	1019884	85
E00125:9:H05MEALXX:7:1201:27968:58445	1019793	1019885	92
E00170:22:H00WVALXX:1:1115:17148:42904	1019804	1019886	82
E00170:22:H00WVALXX:1:2101:13657:26238	1019800	1019888	88
E00125:9:H05MEALXX:7:1117:3781:62822	1019877	1019891	14
E00121:9:H00UWALXX:7:1104:16864:33692	1019830	1019893	63
E00170:22:H00WVALXX:1:2215:30597:47316	1019819	1019895	76
E00121:9:H00UWALXX:7:1123:30739:30158	1019846	1019897	51
E00170:22:H00WVALXX:1:2104:29298:67885	1019828	1019898	70
E00170:22:H00WVALXX:1:2215:7069:49461	1019847	1019902	55
E00170:22:H00WVALXX:1:2105:13718:61082	1019791	1019905	114
E00170:22:H00WVALXX:1:2112:4258:61222	1019809	1019907	98
E00170:22:H00WVALXX:1:1209:11931:24480	1019816	1019908	92
E00170:22:H00WVALXX:1:1203:21290:29965	1019817	1019910	93
E00125:9:H05MEALXX:7:2224:8602:8657	1019835	1019912	77
E00121:9:H00UWALXX:7:1111:23472:43167	1019820	1019916	96
E00170:22:H00WVALXX:1:1220:16184:42675	1019826	1019917	91
E00121:9:H00UWALXX:7:1112:26131:3049	1019839	1019919	80
E00170:22:H00WVALXX:1:2207:30506:8728	1019841	1019926	85
E00170:22:H00WVALXX:1:2115:5151:35028	1019876	1019931	55
E00170:22:H00WVALXX:1:1107:2147:1695	1019870	1019933	63
E00170:22:H00WVALXX:1:1106:30638:52239	1019789	1019934	145
E00125:9:H05MEALXX:7:1213:10196:56528	1019868	1019935	67
E00121:9:H00UWALXX:7:1111:1903:63895	1019874	1019944	70
E00121:9:H00UWALXX:7:1105:14794:33305	1019867	1019947	80
E00121:9:H00UWALXX:7:1107:20478:9607	1019875	1019958	83
E00121:9:H00UWALXX:7:1107:11545:38227	1019840	1019963	123
E00170:22:H00WVALXX:1:2102:2735:66883	1019827	1019966	139
E00170:22:H00WVALXX:1:1115:30871:56124	1019862	1019972	110
E00125:9:H05MEALXX:7:1101:22913:62172	1019849	1019980	131
E00125:9:H05MEALXX:7:2105:6968:3330	1003665	12163341	11159676
E00170:22:H00WVALXX:1:1210:11982:44046	1003666	12163342	11159676
E00170:22:H00WVALXX:1:1210:12012:43923	1003667	12163343	11159676
E00170:22:H00WVALXX:1:1216:8490:72386	1006009	87408262	86402253
E00121:9:H00UWALXX:7:1124:9840:46560	1006010	87408263	86402253
E00125:9:H05MEALXX:7:2215:20122:61908	1006011	87408264	86402253
E00170:22:H00WVALXX:1:2209:21523:9413	1006012	87408265	86402253
E00170:22:H00WVALXX:1:1110:2867:56775	1005382	91479538	90474156
E00170:22:H00WVALXX:1:1211:9972:55790	1005080	92108023	91102943
E00125:9:H05MEALXX:7:2203:16752:19047	1016046	92573814	91557768
E00170:22:H00WVALXX:1:2211:29034:25130	1006013	108892686	107886673
E00121:9:H00UWALXX:7:1105:15524:25007	1006071	121930589	120924518
E00125:9:H05MEALXX:7:1222:18803:37050	1018563	156119985	155101422
E00170:22:H00WVALXX:1:2201:2989:62576	1017932	319529726	318511794
E00125:9:H05MEALXX:7:2119:6775:67024	1017981	426319477	425301496
E00121:9:H00UWALXX:7:1123:5506:17113	1016702	446151421	445134719
E00170:22:H00WVALXX:1:2223:27694:11031	1006016	599842115	598836099
E00170:22:H00WVALXX:1:2122:30628:21421	1006025	774638664	773632639
E00170:22:H00WVALXX:1:1215:7881:43414	1017933	774856738	773838805
E00170:22:H00WVALXX:1:2223:14651:59886	1005202	803968130	802962928
E00170:22:H00WVALXX:1:1224:26009:59587	1019318	804558510	803539192
E00125:9:H05MEALXX:7:2217:3233:39229	1005198	824905167	823899969
E00170:22:H00WVALXX:1:1117:14012:61908	1005211	824905168	823899957
E00170:22:H00WVALXX:1:1115:23228:11488	1006024	860101975	859095951
E00170:22:H00WVALXX:1:1211:4907:39985	1016027	894231939	893215912
E00170:22:H00WVALXX:1:2207:25796:21878	1017934	910735729	909717795
E00170:22:H00WVALXX:1:2121:26618:33604	1018560	919135404	918116844
E00121:9:H00UWALXX:7:1110:19635:49918	1000007	-	inf
E00170:22:H00WVALXX:1:2208:9221:1361	1000009	-	inf
E00170:22:H00WVALXX:1:2221:7557:34694	1000010	-	inf
E00121:9:H00UWALXX:7:1112:2218:54313	1000011	-	inf
E00170:22:H00WVALXX:1:1211:24527:3928	1000014	-	inf
E00170:22:H00WVALXX:1:1221:5395:33129	1000022	-	inf
E00170:22:H00WVALXX:1:1224:32150:37384	1000023	-	inf
E00170:22:H00WVALXX:1:2220:26791:27820	1000024	-	inf
E00170:22:H00WVALXX:1:1101:8328:61978	1000025	-	inf
E00170:22:H00WVALXX:1:1105:31470:17781	1000026	-	inf
E00170:22:H00WVALXX:1:1103:24751:71120	1000027	-	inf
E00170:22:H00WVALXX:1:1205:25136:54173	1000030	-	inf
E00170:22:H00WVALXX:1:1205:8196:12138	1000031	-	inf
E00170:22:H00WVALXX:1:2119:11109:4878	1000032	-	inf
E00170:22:H00WVALXX:1:2223:28313:43185	1000035	-	inf
E00170:22:H00WVALXX:1:1219:8064:15355	1000037	-	inf
E00125:9:H05MEALXX:7:2216:17412:66004	1000038	-	inf
E00125:9:H05MEALXX:7:2202:16763:34817	1000042	-	inf
E00170:22:H00WVALXX:1:2213:25136:38702	1000048	-	inf
E00170:22:H00WVALXX:1:2204:7678:24849	1000050	-	inf
E00170:22:H00WVALXX:1:2204:2512:18748	1000053	-	inf
E00121:9:H00UWALXX:7:1113:6674:65618	1000054	-	inf
E00125:9:H05MEALXX:7:1207:31216:19874	1000056	-	inf
E00125:9:H05MEALXX:7:2206:7384:65828	1000058	-	inf
E00125:9:H05MEALXX:7:2206:7628:65793	1000059	-	inf
E00125:9:H05MEALXX:7:2219:5963:52186	1000062	-	inf
E00170:22:H00WVALXX:1:2217:21188:19170	1000064	-	inf
E00170:22:H00WVALXX:1:2224:4552:50657	1000065	-	inf
E00125:9:H05MEALXX:7:2122:13403:61767	1000073	-	inf
E00170:22:H00WVALXX:1:1101:32678:35028	1000074	-	inf
E00170:22:H00WVALXX:1:1202:22284:61222	1000079	-	inf
E00170:22:H00WVALXX:1:1224:27491:27064	1000090	-	inf
E00125:9:H05MEALXX:7:2201:7973:17447	1000092	-	inf
E00170:22:H00WVALXX:1:2123:18011:19082	1000101	-	inf
E00125:9:H05MEALXX:7:1222:27420:36575	1000106	-	inf
E00170:22:H00WVALXX:1:2117:31764:33551	1003058	-	inf
E00170:22:H00WVALXX:1:2208:29278:9695	1003061	-	inf
E00170:22:H00WVALXX:1:2106:20000:54278	1003569	-	inf
E00170:22:H00WVALXX:1:2107:19026:36100	1003570	-	inf
E00121:9:H00UWALXX:7:1117:10855:47229	1003578	-	inf
E00125:9:H05MEALXX:7:1212:23837:64264	1003591	-	inf
E00170:22:H00WVALXX:1:2213:26821:42570	1003626	-	inf
E00125:9:H05MEALXX:7:1204:24791:26326	1005152	-	inf
E00170:22:H00WVALXX:1:1122:18590:42798	1005199	-	inf
E00170:22:H00WVALXX:1:2101:24040:60677	1005200	-	inf
E00170:22:H00WVALXX:1:2218:16651:71648	1005230	-	inf
E00170:22:H00WVALXX:1:1119:24568:21790	1006059	-	inf
E00125:9:H05MEALXX:7:1219:19128:73406	1006083	-	inf
E00125:9:H05MEALXX:7:2117:26151:46648	1006085	-	inf
E00121:9:H00UWALXX:7:1105:5060:28857	1006095	-	inf
E00125:9:H05MEALXX:7:1110:7262:36505	1006097	-	inf
E00121:9:H00UWALXX:7:1120:32140:39405	1010988	-	inf
E00170:22:H00WVALXX:1:2109:23086:22423	1010989	-	inf
E00125:9:H05MEALXX:7:1103:1345:49707	1010991	-	inf
E00125:9:H05MEALXX:7:2215:27319:36505	1012695	-	inf
E00125:9:H05MEALXX:7:1206:14185:71911	1012843	-	inf
E00170:22:H00WVALXX:1:1124:15910:4754	1012844	-	inf
E00170:22:H00WVALXX:1:1101:17179:47387	1012916	-	inf
E00170:22:H00WVALXX:1:1107:26527:30070	1016716	-	inf
E00121:9:H00UWALXX:7:1122:10926:16375	1016726	-	inf
